"phip" "maxpro" "cd2" "upd" "cor1" "design" "iteration"
"maximin" 0.0229221529480111 83.5984185567842 1.2616031625488 0.0211366892012319 0.0335426294287054 "maximin" 1
"MaxPro" 0.0278175220687524 31.9428597196285 1.18308035883417 0.0182381143721499 0.0510138302859822 "MaxPro" 1
"ud" 0.0260970805969017 35.4280591294434 0.707542902334302 0.00881926933167486 0.00663636059205679 "ud" 1
"UniPro" 0.031340269651785 45.3193011557607 0.896411147044973 0.00845356847368438 0.0058778715424285 "UniPro" 1
"randomLHD" 0.0401082248876265 130.646091085298 2.06255940308198 0.0362547987680522 0.0971778514500033 "randomLHD" 1
"maximin1" 0.022900688340622 72.4886501196066 1.25406056530066 0.021386331709581 0.0336322081575246 "maximin" 2
"MaxPro1" 0.0287163482475745 32.8080864749689 1.20787030767282 0.0184822506374676 0.0559423347398031 "MaxPro" 2
"ud1" 0.0272691600397873 34.0871354192386 0.713906827016908 0.00889495074560022 0.00651413167235952 "ud" 2
"UniPro1" 0.0325380065701115 44.4882613261307 0.912372053721611 0.00840373762827536 0.00487576183778715 "UniPro" 2
"randomLHD1" 0.0429566963077681 148.967319159435 2.26817194160194 0.0392184632316436 0.097446587636461 "randomLHD" 2
"maximin2" 0.0231642719081159 73.5510046017347 1.25067126848775 0.0210359005398151 0.0217533989685888 "maximin" 3
"MaxPro2" 0.0279401748725659 31.8446268877717 1.18633600513178 0.0177147139291862 0.0519364074743822 "MaxPro" 3
"ud2" 0.0272084025606059 33.4233382144161 0.714910223402354 0.00881067209394515 0.00738229187596276 "ud" 3
"UniPro2" 0.0349269849000909 48.712475067218 0.890993950168273 0.00837989250062725 0.00644129663117005 "UniPro" 3
"randomLHD2" 0.0395513468176874 147.504809388347 2.30367144694474 0.0392164229135687 0.0975018418056393 "randomLHD" 3
"maximin3" 0.0237521160939176 100.412608842932 1.40884059559958 0.0245296945723211 0.0398792780121894 "maximin" 4
"MaxPro3" 0.0271061661536417 32.0609077129032 1.16178980735131 0.0166904851519958 0.034665293684281 "MaxPro" 4
"ud3" 0.0268732442294325 34.3657558090458 0.718467366174913 0.00879285418797539 0.00798925055254169 "ud" 4
"UniPro3" 0.0310177637247267 46.1526383118169 0.939197815333004 0.00835814654638611 0.00637348469626951 "UniPro" 4
"randomLHD3" 0.0344317542313582 102.420416217001 2.28239569680049 0.0407743082197876 0.0959337954591119 "randomLHD" 4
"maximin4" 0.0230123256547619 79.8904786992984 1.30016476661026 0.0224351227775484 0.0352262072198781 "maximin" 5
"MaxPro4" 0.0273168469318944 32.1390871475263 1.14256684321885 0.017541805691192 0.0432564798071127 "MaxPro" 5
"ud4" 0.0262328215624498 34.4871891138629 0.709378662420934 0.00878272017221897 0.00735466479137365 "ud" 5
"UniPro4" 0.0309346119840099 45.564617494601 0.975700452004569 0.00838901071700052 0.006232000535798 "UniPro" 5
"randomLHD4" 0.0368209163918257 94.7886546752049 1.94721431149696 0.0325074843149281 0.0817845422275802 "randomLHD" 5
"maximin5" 0.0233122190052065 140.549288844594 1.35723696700294 0.023503702315069 0.0338800147344451 "maximin" 6
"MaxPro5" 0.0266915476978172 32.0739922080317 1.17525849968441 0.0176836775522458 0.0458015203268368 "MaxPro" 6
"ud5" 0.0279975369613024 33.6492299551091 0.713356172219304 0.00884131174239619 0.00736973411024044 "ud" 6
"UniPro5" 0.0340651859651985 43.151828280654 0.917628097166956 0.00847351389082103 0.00353208090549863 "UniPro" 6
"randomLHD5" 0.0443456186608513 121.85930165567 2.07421530133991 0.0357751038566501 0.0921614426361262 "randomLHD" 6
"maximin6" 0.022974876380667 90.518940504518 1.27580817902349 0.0220283256409541 0.0297367892304601 "maximin" 7
"MaxPro6" 0.0285707525351698 32.1695681727002 1.21682392160458 0.0187117188468849 0.0561106088004822 "MaxPro" 7
"ud6" 0.0262411166873702 36.6345262527366 0.707282728621039 0.00863213118296319 0.00761670350277945 "ud" 7
"UniPro6" 0.0329083708269381 43.740656022069 0.922521341817828 0.00849545602949892 0.00577238631036099 "UniPro" 7
"randomLHD6" 0.0482520835944286 114.788099193434 2.52564127689394 0.0457627398778478 0.112555254169178 "randomLHD" 7
"maximin7" 0.0228470405523206 75.8536808876526 1.22631249668423 0.021034405178498 0.0260866653271717 "maximin" 8
"MaxPro7" 0.0269668740832222 31.8747207016301 1.26592919172319 0.0184465603298684 0.0544889826535396 "MaxPro" 8
"ud7" 0.0260960142958132 35.0302468446026 0.719459650565968 0.00878496757387576 0.0070256513294488 "ud" 8
"UniPro7" 0.032826971133471 43.5959753069804 0.915921575631828 0.00839325702000904 0.00498459580738062 "UniPro" 8
"randomLHD7" 0.0395692168141756 123.312073658613 2.13841324338953 0.0361101432679319 0.0844501372982386 "randomLHD" 8
"maximin8" 0.0228983337307881 70.5760502255501 1.21394779414457 0.0204132830907412 0.0219141383698346 "maximin" 9
"MaxPro8" 0.0274305823012685 33.986135733245 1.26060866551958 0.0197903866238067 0.0543014533520863 "MaxPro" 9
"ud8" 0.0269321096166001 40.3028256368533 0.705416664512382 0.00876718018546982 0.00715541490857947 "ud" 9
"UniPro8" 0.0302965520286984 41.9834390206241 0.905571118481285 0.00833005947537546 0.00550532449266627 "UniPro" 9
"randomLHD8" 0.0429147412841168 86.1836595367831 2.1046971428438 0.0349669090149836 0.084593295827473 "randomLHD" 9
"maximin9" 0.0236178628957322 76.2430606024763 1.37506074658804 0.0233953649127174 0.0344777643828277 "maximin" 10
"MaxPro9" 0.0295125980834644 31.9819362666357 1.28234357870871 0.0192916770814042 0.0530791641551135 "MaxPro" 10
"ud9" 0.0267396469131419 33.7460219154044 0.710388323449584 0.00890916757735442 0.00811566539414641 "ud" 10
"UniPro9" 0.0326793305773529 44.0703789149263 0.907211498881 0.00841468689933948 0.0049645033822249 "UniPro" 10
"randomLHD9" 0.0353009387849312 120.323567741537 2.40632476306506 0.0433961736285481 0.0961908110642288 "randomLHD" 10
"maximin10" 0.0228674845978441 85.6940545988006 1.2410858548648 0.0211208876352436 0.0239920300046882 "maximin" 11
"MaxPro10" 0.027870079010931 34.1262820594145 1.21806317358297 0.0185491953047422 0.0533077154912598 "MaxPro" 11
"ud10" 0.0261620035881864 34.2393003475862 0.714496641608342 0.00873771546380034 0.0055739736119483 "ud" 11
"UniPro10" 0.0298567764630469 42.0436191428207 0.927950207565842 0.00854280623178785 0.00547769740807715 "UniPro" 11
"randomLHD10" 0.0377413860900852 159.081210341762 2.15492692310226 0.0356081378270628 0.0761728953184649 "randomLHD" 11
"maximin11" 0.0231000288230649 105.378863457958 1.28134012807168 0.0218427874852607 0.0283529234478602 "maximin" 12
"MaxPro11" 0.0277474056176728 33.3280832602262 1.22083982693388 0.0184243042960976 0.0482996785211975 "MaxPro" 12
"ud11" 0.0262169668820648 34.0149312001718 0.713202049452821 0.00876487392849727 0.00793483356774496 "ud" 12
"UniPro11" 0.0295084675642868 41.2063436574036 0.923278517407344 0.00839105103506502 0.00592559105217333 "UniPro" 12
"randomLHD11" 0.0344216033483689 117.905307298299 2.23063095561022 0.039705981542202 0.0935277275467149 "randomLHD" 12
"maximin12" 0.0233088771594472 79.2127856977228 1.3234535634989 0.0227142975822287 0.0396582613354765 "maximin" 13
"MaxPro12" 0.028583133476643 31.9392126125026 1.16208742738764 0.017271853734566 0.0431719241845824 "MaxPro" 13
"ud12" 0.0285187306725123 36.5032139734586 0.701245411633944 0.00871899074978595 0.00661124506061215 "ud" 13
"UniPro12" 0.0316944327837207 44.5945780347098 0.932357577787135 0.00826382543168587 0.00485232067510548 "UniPro" 13
"randomLHD12" 0.0425721094808479 125.658508309586 1.9005752607965 0.0312021210685656 0.0706123166566204 "randomLHD" 13
"maximin13" 0.0229428052901153 66.1765571250585 1.18329325455584 0.0200569402300965 0.0222833366820709 "maximin" 14
"MaxPro13" 0.0274257325224676 31.7566442408645 1.13352180110442 0.0169556305900414 0.037426327774429 "MaxPro" 14
"ud13" 0.0263430779044602 32.8834202307912 0.713277977199955 0.00877422974601555 0.00689756211908111 "ud" 14
"UniPro13" 0.0342362899578455 45.2059807726482 0.934009666402824 0.00816136702280479 0.0044973544973545 "UniPro" 14
"randomLHD13" 0.036197519965362 100.568688207027 2.06412181592868 0.0352282615540593 0.0850210970464135 "randomLHD" 14
"maximin14" 0.0232208470004774 105.864696022237 1.28861801974389 0.0220826774476112 0.0343421405130266 "maximin" 15
"MaxPro14" 0.0281992874660763 32.1707851726777 1.21998306733708 0.0188445858425663 0.0475863974281696 "MaxPro" 15
"ud14" 0.025735538038402 35.1044378574261 0.719177336423082 0.00893256584047 0.00915461121157324 "ud" 15
"UniPro14" 0.0307162344080654 42.1068522235276 0.921406800065827 0.00851557365297434 0.00520477529971201 "UniPro" 15
"randomLHD14" 0.0364240293978493 122.787475906375 2.38582085270282 0.0406012582930288 0.0859579063692988 "randomLHD" 15
"maximin15" 0.0232220836957383 79.3007273636663 1.26985399203421 0.0212092425634053 0.0295517714821512 "maximin" 16
"MaxPro15" 0.0297360847962659 32.5447670099445 1.17517837470327 0.017041376265254 0.0444846292947559 "MaxPro" 16
"ud15" 0.0272174466410865 33.9888841510014 0.714317038781243 0.008813887338786 0.00627972004554283 "ud" 16
"UniPro15" 0.035759581534649 54.6300850502786 0.968240930558073 0.00832940552725793 0.00496785211975085 "UniPro" 16
"randomLHD15" 0.0372359677024983 120.781982174002 2.12695369192319 0.0367969740610152 0.0848712410421271 "randomLHD" 16
"maximin16" 0.0231467957862774 85.8509212414124 1.30265241266703 0.022497378636914 0.0304810461456031 "maximin" 17
"MaxPro16" 0.0276504919330169 32.3564672560293 1.19295246325963 0.0176350979275104 0.0479271314714353 "MaxPro" 17
"ud16" 0.0335597279761034 48.8706270263687 0.719992396101055 0.00866515774196643 0.00666063893911995 "ud" 17
"UniPro16" 0.0312549450739954 38.7339008061987 0.914248995364431 0.00834731062631794 0.00643543634049963 "UniPro" 17
"randomLHD16" 0.0359999400318195 123.385654756914 2.47434053232285 0.0446511545332658 0.108083015203268 "randomLHD" 17
"maximin17" 0.0229503900671411 72.4799904820351 1.30525479409613 0.0225458514501179 0.0268627352488112 "maximin" 18
"MaxPro17" 0.027696516586788 32.7186863039955 1.26204546047495 0.0188749377538312 0.0451870269908245 "MaxPro" 18
"ud17" 0.0262829546471955 33.4771777858681 0.714803205029346 0.00876704721601285 0.01009225771884 "ud" 18
"UniPro17" 0.0332247707137544 43.6455933293458 0.931471451507804 0.00842700074211028 0.00476274194628625 "UniPro" 18
"randomLHD17" 0.0386025468526804 87.6958724744022 2.10435029327203 0.0362925817096051 0.0850152367557431 "randomLHD" 18
"maximin18" 0.0229499761516138 73.4362184529093 1.28534985450928 0.022223326425708 0.0228777375929275 "maximin" 19
"MaxPro18" 0.0278971558791709 33.7115319119782 1.2895139159925 0.0197335716126443 0.0533026923849709 "MaxPro" 19
"ud18" 0.0266863645959252 35.5453434827363 0.726046644680478 0.00896718803284451 0.00638185654008439 "ud" 19
"UniPro18" 0.0344201802471593 51.7676075863441 0.940687294486975 0.00845408727251917 0.00534542227580202 "UniPro" 19
"randomLHD18" 0.0370473291224046 107.688944186115 2.28765858473383 0.0404527684771852 0.0997387984729757 "randomLHD" 19
"maximin19" 0.0229094409084163 82.4153716970635 1.19754966872943 0.0201467491028753 0.0200011720581341 "maximin" 20
"MaxPro19" 0.0289253229796604 31.7739267548768 1.15261370221209 0.0169150334918232 0.0499430714620588 "MaxPro" 20
"ud19" 0.0267462466725818 34.7431841227937 0.706308266138889 0.0087149907672196 0.0046957671957672 "ud" 20
"UniPro19" 0.0303097798138688 45.7436749314998 0.911011542716911 0.0084682278103234 0.00433242917420133 "UniPro" 20
"randomLHD19" 0.0339840275734543 126.963249623218 1.76556123027205 0.0290510612366606 0.056588641082312 "randomLHD" 20
"maximin20" 0.0230458858234637 102.609212388927 1.26519535505918 0.0215309632316415 0.0272603978300181 "maximin" 21
"MaxPro20" 0.0281075618020316 32.5156254981387 1.24148196743641 0.019519120231527 0.0582370571294622 "MaxPro" 21
"ud20" 0.0256960782553903 34.6105214797392 0.71025157302469 0.00863572789751889 0.00869834572366218 "ud" 21
"UniPro20" 0.0365213019184551 48.2624059828819 0.924209156032996 0.0083353106786227 0.00607042395017079 "UniPro" 21
"randomLHD20" 0.0443982348184372 147.026632302735 2.27821018108518 0.0385507190038221 0.0932849440760833 "randomLHD" 21
"maximin21" 0.0229522191785079 95.3736054698474 1.26156731151865 0.0212776804121739 0.0290812738597549 "maximin" 22
"MaxPro21" 0.0278455044822294 32.6119605947666 1.1986211996253 0.0178129696316153 0.0449467550733374 "MaxPro" 22
"ud21" 0.0257946535621561 33.1683638127528 0.718734143079924 0.00892635769313838 0.0073228517848771 "ud" 22
"UniPro21" 0.0329018176488945 42.0617717622222 0.942603716853396 0.0085225774371353 0.0060268903623334 "UniPro" 22
"randomLHD21" 0.0384923750684891 129.360233155515 1.97391294509277 0.0336972142779664 0.0766919496349876 "randomLHD" 22
"maximin22" 0.0232118847649985 90.5656969173842 1.32041920305361 0.0228086819118716 0.037001038108633 "maximin" 23
"MaxPro22" 0.0279572511038477 33.9371044739104 1.19409696910857 0.0174287380642353 0.0382534659433394 "MaxPro" 23
"ud22" 0.0264206361241748 32.6836333935671 0.709434509106566 0.00894858320932765 0.00699634987609671 "ud" 23
"UniPro22" 0.0328452183392141 46.4531281279805 0.915193602844799 0.00829705035496897 0.00462628089210368 "UniPro" 23
"randomLHD22" 0.0517750199811902 204.831847028247 2.35376332677284 0.0413572746155697 0.0975872346125511 "randomLHD" 23
"maximin23" 0.0229894583373368 104.722337508545 1.24231239153365 0.0207450004456551 0.0245562922778113 "maximin" 24
"MaxPro23" 0.0274928761998142 31.6760610946361 1.13497246669745 0.0166257900661774 0.0460920233072132 "MaxPro" 24
"ud23" 0.0259258070292437 33.6430291188355 0.716689004978432 0.00873737323094752 0.00708257986738999 "ud" 24
"UniPro23" 0.0473030574083954 73.5663678348558 0.907338686623205 0.00835384792751623 0.00499464201995848 "UniPro" 24
"randomLHD23" 0.0375826102205444 106.257634083336 2.3876528094527 0.0413183690631178 0.0968999062353493 "randomLHD" 24
"maximin24" 0.0230538191470647 80.33008910338 1.21896235035523 0.020673083592954 0.0239995646641216 "maximin" 25
"MaxPro24" 0.0296220367756792 33.4293421674067 1.2356982713551 0.0194241059318406 0.0529318197039716 "MaxPro" 25
"ud24" 0.0266052701182015 35.3156398498896 0.708809823834389 0.00884666321769659 0.00634418324291742 "ud" 25
"UniPro24" 0.0369813787960886 45.1854481828744 0.911318807139061 0.00844078596812063 0.00492683008505793 "UniPro" 25
"randomLHD24" 0.0377838103399295 89.4148201459831 2.03306857488479 0.0350943809388236 0.0714679190945014 "randomLHD" 25
"maximin25" 0.0229646823761696 82.5016233446252 1.2522194631138 0.0213815121120869 0.0303705378072467 "maximin" 26
"MaxPro25" 0.028363408297377 32.1889978732421 1.19463572448559 0.0177056916251906 0.0499388855401514 "MaxPro" 26
"ud25" 0.0261692373976468 34.9145252681255 0.713455645151262 0.00886756121922447 0.00641450673096243 "ud" 26
"UniPro25" 0.0326239857106414 42.5135427505692 0.923834283485769 0.00848247733949946 0.00488497086598352 "UniPro" 26
"randomLHD25" 0.0392746170328428 105.343947506 2.28759500841511 0.0395374307783934 0.0923799477596946 "randomLHD" 26
"maximin26" 0.0229363165302567 92.3299176550581 1.19991949360978 0.0200884648883095 0.02560193557029 "maximin" 27
"MaxPro26" 0.0288136806813409 32.5317410413356 1.21285196219558 0.0184723128061396 0.0502771080302726 "MaxPro" 27
"ud26" 0.0262796885045752 34.9100504648903 0.713450491130563 0.00878246949211903 0.00641701828410689 "ud" 27
"UniPro26" 0.0334279307576076 46.4296893000827 0.93350179141003 0.00837280588302479 0.00467986069251892 "UniPro" 27
"randomLHD26" 0.0411435834055957 117.432906628161 2.12855253410134 0.0360197349427282 0.0843546982787489 "randomLHD" 27
"maximin27" 0.0230207633484018 84.5339946049867 1.23608664954855 0.0207442549448246 0.0216403790770879 "maximin" 28
"MaxPro27" 0.0277444882824211 35.7057926301024 1.23220449250134 0.0190021241203188 0.0451552139843279 "MaxPro" 28
"ud27" 0.0265991972260593 34.7612262840646 0.714026986047411 0.00887651158891639 0.00721569218404661 "ud" 28
"UniPro27" 0.0293891955184866 41.6243454683166 0.94222125101564 0.00844775487506 0.00576317728216462 "UniPro" 28
"randomLHD27" 0.0347171214750326 116.861261405416 1.90158257178561 0.0323041544111911 0.0738915678789096 "randomLHD" 28
"maximin28" 0.0230896291651661 69.4787982590397 1.25535526504252 0.0214176732623403 0.02606322416449 "maximin" 29
"MaxPro28" 0.0275545953157473 31.830123370878 1.133986212283 0.0170935242668081 0.0386159667805237 "MaxPro" 29
"ud28" 0.0270039218157579 33.9715750298046 0.720930110859186 0.00878971741690437 0.00857025651329449 "ud" 29
"UniPro28" 0.0315799409225162 41.2885099478421 0.898336704372737 0.00853373161195659 0.00507668608934432 "UniPro" 29
"randomLHD28" 0.0353750520799767 100.949903633514 2.24102538009963 0.0391433463929239 0.0966788895586364 "randomLHD" 29
"maximin29" 0.0231278962727315 99.6374205390047 1.32621909287998 0.0224435979449461 0.0323772687696738 "maximin" 30
"MaxPro29" 0.0275520828062354 32.071367755697 1.14488112055067 0.0173038034590428 0.0503038979304802 "MaxPro" 30
"ud29" 0.0277863815392321 34.0055902354195 0.708387242399677 0.00866603185260412 0.0066924519456165 "ud" 30
"UniPro29" 0.0334974609923893 42.8232732995036 0.918724263019643 0.00837722439236653 0.00555471837117407 "UniPro" 30
"randomLHD29" 0.034582185738539 85.7713584997135 2.23421381864035 0.0379939911857471 0.0991963029937713 "randomLHD" 30
"maximin30" 0.0229255166180346 78.3382970528043 1.25209386274969 0.0215358874608489 0.0227605317795191 "maximin" 31
"MaxPro30" 0.0281416001341693 32.341345224752 1.19463306331842 0.0179914996434775 0.0532373920032148 "MaxPro" 31
"ud30" 0.0266208572878203 33.6397788686283 0.716153379889461 0.00871723598904507 0.00755475185854933 "ud" 31
"UniPro30" 0.032117935686604 42.1703508633212 0.930831192800707 0.00849357483878564 0.0062537673297167 "UniPro" 31
"randomLHD30" 0.0364383095229313 99.5706229110888 2.25725777707109 0.0396444886222567 0.089659098519858 "randomLHD" 31
"maximin31" 0.0229492393867579 98.5717533209817 1.1905610338935 0.0198762347509002 0.0178604915946688 "maximin" 32
"MaxPro31" 0.0272254936772815 31.9909756817217 1.13146202252459 0.0170194493853935 0.0388612618042998 "MaxPro" 32
"ud31" 0.0300002825662559 33.9346190379814 0.725606503282594 0.00883878314306141 0.00668240573303864 "ud" 32
"UniPro31" 0.0316816003335328 41.5163959012748 0.92347533897772 0.0083940962533998 0.00414489987274797 "UniPro" 32
"randomLHD31" 0.0388291826907048 112.937937990106 2.34745053189462 0.0410200139605878 0.087356004286384 "randomLHD" 32
"maximin32" 0.0230416085170559 94.6067007258835 1.30434115688913 0.0223547569153857 0.0301712879244525 "maximin" 33
"MaxPro32" 0.0287124222369336 31.6254055513588 1.1717802989045 0.0179886833069794 0.0510297367892305 "MaxPro" 33
"ud32" 0.0306842957580073 35.5518688290018 0.706736798170948 0.00865965367876295 0.0073513160538477 "ud" 33
"UniPro32" 0.0321019455784299 44.9466488620803 0.942565439135268 0.00836317540728881 0.00564345991561181 "UniPro" 33
"randomLHD32" 0.0387664271533412 90.2382801965687 2.10371831879443 0.0376959260002002 0.0920182841068917 "randomLHD" 33
"maximin33" 0.0231024510764155 104.844221675352 1.25628103467015 0.0209462878514904 0.0302039381153305 "maximin" 34
"MaxPro33" 0.0283331328274491 32.7603341625607 1.27759922567641 0.0193940199594584 0.0512030339561985 "MaxPro" 34
"ud33" 0.0258631058949639 34.6681704316809 0.715656677389753 0.00883390687004548 0.00508673230192217 "ud" 34
"UniPro33" 0.0322127896239731 44.0514482878998 0.939222058335787 0.00851005433097247 0.00585359319536535 "UniPro" 34
"randomLHD33" 0.0401467749874435 104.169542874893 2.35213184788734 0.0415845913357426 0.115461958341705 "randomLHD" 34
"maximin34" 0.0232449595439872 92.2529859955503 1.24386950029536 0.0209668893965478 0.0322073203402317 "maximin" 35
"MaxPro34" 0.0283564676983037 31.9972857219219 1.19592358929497 0.0180605413043249 0.0457387314982252 "MaxPro" 35
"ud34" 0.0263901602974172 34.3796781927501 0.719355125676913 0.00890200902544692 0.00802776103409015 "ud" 35
"UniPro34" 0.0296230005319927 42.0864148974894 0.931183777416345 0.00845203605531267 0.00446637867523943 "UniPro" 35
"randomLHD34" 0.0414576597734895 122.145972598932 2.24235157794996 0.0388110186864427 0.0866008639742817 "randomLHD" 35
"maximin35" 0.0228321408427998 87.5207035081033 1.24379618578019 0.0210869717068039 0.0303035630567276 "maximin" 36
"MaxPro35" 0.0280786750901927 32.5648093787424 1.22693203560016 0.0181174282497795 0.0466638202397696 "MaxPro" 36
"ud35" 0.0263986665616498 32.855614497027 0.708450913154235 0.0087171357169933 0.00772051436608399 "ud" 36
"UniPro35" 0.0314341465751237 43.6071835353117 0.912665846970828 0.00849621024963457 0.00584019824526154 "UniPro" 36
"randomLHD35" 0.0503218591165118 213.754369403272 2.13137819070546 0.0367789817689004 0.0847423146473779 "randomLHD" 36
"maximin36" 0.0235179922490569 81.5945885404915 1.31353244134318 0.022039373004246 0.0335602103007166 "maximin" 37
"MaxPro36" 0.0276469772265824 33.3176357488924 1.19745459729939 0.018374399336555 0.0455997588908981 "MaxPro" 37
"ud36" 0.0272111640016708 36.4084550150774 0.714483919213693 0.00881877887058576 0.00699216395418927 "ud" 37
"UniPro36" 0.0332817480385235 40.9914661678828 0.916974849723329 0.008504449995737 0.00533035295693524 "UniPro" 37
"randomLHD36" 0.0351502087356286 89.0574843707851 2.20321194679478 0.0383326382107262 0.0956633849038912 "randomLHD" 37
"maximin37" 0.0231326483462225 74.0777515330355 1.29596696915386 0.0222253950815227 0.0325932623400978 "maximin" 38
"MaxPro37" 0.0284926284606989 32.4505349185339 1.13768524103421 0.0169008558969681 0.04065032482754 "MaxPro" 38
"ud37" 0.0260798428127354 33.8843146540472 0.709597226629177 0.00885428389292287 0.00817845422275802 "ud" 38
"UniPro37" 0.0325763033992735 43.7436377365832 0.936880961719821 0.00845138646686228 0.00654845623200054 "UniPro" 38
"randomLHD37" 0.0476373075507884 112.4017611119 2.4139224492322 0.0427091858878872 0.0889391199517782 "randomLHD" 38
"maximin38" 0.023033806385922 78.9144131433332 1.23568595718846 0.0206689135839013 0.0314714352689036 "maximin" 39
"MaxPro38" 0.0275141565173516 31.8190021675422 1.17191907281504 0.017872583540654 0.0409090148014199 "MaxPro" 39
"ud38" 0.0268840089383504 33.2056333658025 0.71209719955363 0.00890565151639329 0.00645804031879981 "ud" 39
"UniPro38" 0.0353988275806163 48.520270828188 0.978022288484315 0.00846158805725139 0.00377319000736722 "UniPro" 39
"randomLHD38" 0.0432331274500952 103.114808229607 2.25833157031783 0.0399965982588454 0.0924226441631505 "randomLHD" 39
"maximin39" 0.0232557320278824 86.2803749050988 1.28256010903087 0.0214436851380236 0.0295224700287991 "maximin" 40
"MaxPro39" 0.0278449385957653 32.1130783614675 1.2174661439613 0.0186370793902668 0.0514215390797669 "MaxPro" 40
"ud39" 0.0265263347711468 34.2672461418943 0.718967900358236 0.00896983652266883 0.00783772017949233 "ud" 40
"UniPro39" 0.0368773493039003 41.5948581650128 0.912185327356596 0.00835745772103935 0.00565685486571563 "UniPro" 40
"randomLHD39" 0.0349514880020346 105.145375468958 2.22981561647284 0.0392571290031316 0.0938818565400844 "randomLHD" 40
"maximin40" 0.0235808641165279 99.0405443906494 1.31732475903705 0.0217745523604203 0.0345815752461322 "maximin" 41
"MaxPro40" 0.0275242477220034 32.4154067933357 1.16117745006568 0.0178915480356413 0.0448395954725069 "MaxPro" 41
"ud40" 0.0260701103752532 34.7143547105427 0.709944011606511 0.00871652318562045 0.0063667872212176 "ud" 41
"UniPro40" 0.0319584098694707 44.3944898781518 0.909317791975095 0.00837095956954838 0.00527928470966446 "UniPro" 41
"randomLHD40" 0.0401016716538723 291.813311368033 2.19223471114909 0.0384226934039351 0.0954088808519188 "randomLHD" 41
"maximin41" 0.023240813642487 84.2466357300739 1.33070012937482 0.0226657550145646 0.029359219074409 "maximin" 42
"MaxPro41" 0.0277581908845385 31.5026957003873 1.16063075680064 0.0170641358390684 0.0468379545911191 "MaxPro" 42
"ud41" 0.0271949083847356 37.1179100883861 0.71499630271521 0.00893771895150303 0.00675691514299109 "ud" 42
"UniPro41" 0.0308780669458341 41.986906709971 0.973276155075076 0.00841449725439009 0.00539314178554685 "UniPro" 42
"randomLHD41" 0.0383438200312053 90.2313894875983 1.95670757735036 0.0340043039473343 0.0847640814412966 "randomLHD" 42
"maximin42" 0.0231042384981332 118.874619880419 1.2081356229537 0.0200886196560342 0.0329013461924854 "maximin" 43
"MaxPro42" 0.0272346533141357 32.0517110798235 1.16044241515207 0.0175884082128104 0.0418081508271382 "MaxPro" 43
"ud42" 0.0269673492192809 34.7637833432601 0.713731518582916 0.00884675695025129 0.00796329783671556 "ud" 43
"UniPro42" 0.0317836017271633 43.5211463500046 0.906233749680063 0.00835232422843647 0.00508338356439622 "UniPro" 43
"randomLHD42" 0.0346974788100059 141.758183864151 2.56996261734452 0.0450142701164263 0.0977856473109638 "randomLHD" 43
"maximin43" 0.0236094421331354 80.2390212207869 1.33754677547386 0.0229347238691835 0.0283068783068783 "maximin" 44
"MaxPro43" 0.0277673491605318 32.0020986503876 1.21651747130203 0.0182802722264803 0.0500025115531445 "MaxPro" 44
"ud43" 0.0265646984804354 39.4313167850279 0.707373178574078 0.00882922896127125 0.00622948898265354 "ud" 44
"UniPro43" 0.0286239790088218 43.2066506939631 0.910364736454738 0.00838673933726553 0.00463548992030005 "UniPro" 44
"randomLHD43" 0.0363368710658502 116.826861570279 2.15102810136782 0.0357067357623388 0.0831240372379613 "randomLHD" 44
"maximin44" 0.0230040530791391 79.5014973501808 1.21244582888491 0.0205776965428978 0.0237559440091086 "maximin" 45
"MaxPro44" 0.029065781916923 32.850112019775 1.257922228367 0.0193368191189081 0.0505383095572969 "MaxPro" 45
"ud44" 0.0262958308950242 35.0997297100703 0.709861911017251 0.00874132089765459 0.00738731498225169 "ud" 45
"UniPro44" 0.0322568853028192 43.7954012708254 0.928906005320962 0.0083562653556659 0.00499129328243252 "UniPro" 45
"randomLHD44" 0.0355403756541763 224.247678463285 1.92878805167227 0.0325976877363809 0.0751155314446454 "randomLHD" 45
"maximin45" 0.023095232303595 70.1827689377885 1.29229702870828 0.0222945675319958 0.0345723662179358 "maximin" 46
"MaxPro45" 0.0280231679289392 33.0063748714875 1.2513389261485 0.0197114965045146 0.0530615832831023 "MaxPro" 46
"ud45" 0.0270615615258289 36.0843246585521 0.707558839038014 0.00869460938469312 0.0071671354899203 "ud" 46
"UniPro45" 0.0303724423816993 43.7007220068402 0.93128930609776 0.00844126117040579 0.0049435737726877 "UniPro" 46
"randomLHD45" 0.0473177390256424 158.249425739398 2.19384341250273 0.0386475098624998 0.0835535128256647 "randomLHD" 46
"maximin46" 0.0230946958241604 155.973930945726 1.23987179728835 0.0207512805272658 0.0298749246534057 "maximin" 47
"MaxPro46" 0.0280128809315195 32.5960409830789 1.18257052589992 0.0182705349392357 0.0474214721050164 "MaxPro" 47
"ud46" 0.026841082040094 35.9131161668224 0.714265640998679 0.00886218140617248 0.00618176947290871 "ud" 47
"UniPro46" 0.0348022134660906 46.3060991498938 0.923916386950951 0.00824517483180749 0.00418759627620387 "UniPro" 47
"randomLHD46" 0.0332073131452341 93.9265859059354 2.13203973521034 0.0377448652963679 0.0985759493670886 "randomLHD" 47
"maximin47" 0.0229750240046969 73.9273114016658 1.16473690985326 0.0193349967835387 0.0226860223695667 "maximin" 48
"MaxPro47" 0.0290598525612286 31.8364524786768 1.24674494463208 0.0195075148325161 0.0634493670886076 "MaxPro" 48
"ud47" 0.0264704957648869 35.1829908675201 0.706144301550093 0.00863446795751968 0.00599507735583685 "ud" 48
"UniPro47" 0.0297593550052465 42.7208769205479 0.942814522853119 0.00829121931773258 0.00434414975554216 "UniPro" 48
"randomLHD47" 0.0423626731922532 108.238624976628 2.28438147019405 0.0408563590882351 0.104891668341035 "randomLHD" 48
"maximin48" 0.0230322319643181 96.039774054924 1.25022187634642 0.0212952301994054 0.0285253834304467 "maximin" 49
"MaxPro48" 0.0280703807815087 33.8172937823987 1.29184464729841 0.0199627564445332 0.0526865246801956 "MaxPro" 49
"ud48" 0.0276042094455165 34.1292756166983 0.707511026009433 0.00871803816537876 0.00625460451409819 "ud" 49
"UniPro48" 0.0317166847892101 40.6573608410105 0.90318580845028 0.00850754317027434 0.00501808318264014 "UniPro" 49
"randomLHD48" 0.0347055118327002 131.147643278511 2.37374786078832 0.0407559954930851 0.0904041926193825 "randomLHD" 49
"maximin49" 0.0230608628445954 108.685687607669 1.25865344234386 0.0210576290554529 0.0307849440760833 "maximin" 50
"MaxPro49" 0.0287179016769297 35.6237403174509 1.29502796149152 0.0209250846741626 0.0565660371040118 "MaxPro" 50
"ud49" 0.0266238620418778 36.1402831634706 0.710255547548511 0.00869312056283426 0.00776488513830286 "ud" 50
"UniPro49" 0.031453884155123 39.9182675252581 0.881452964984142 0.00846126762269923 0.00532198111312035 "UniPro" 50
"randomLHD49" 0.0445097320658098 179.580358508037 2.25124447390144 0.039363508920829 0.100976156988815 "randomLHD" 50
"maximin50" 0.0229996467196844 76.5711165289469 1.24085804955365 0.0210506143721242 0.0325731699149421 "maximin" 51
"MaxPro50" 0.0290531222465091 34.1045736575115 1.27490574827822 0.0194165114145425 0.0524989953787422 "MaxPro" 51
"ud50" 0.026185333410267 35.4800735539562 0.708362402220764 0.00874493069118049 0.00816924519456165 "ud" 51
"UniPro50" 0.0306804273726485 42.503809003056 0.905376515589218 0.00845799352252145 0.00484562320005358 "UniPro" 51
"randomLHD50" 0.0478246851751884 149.195821567012 2.19554922430216 0.0390222700815301 0.0945583015203268 "randomLHD" 51
"maximin51" 0.0233851331440452 117.114515167601 1.31031818032203 0.0220349610343853 0.0366293282432523 "maximin" 52
"MaxPro51" 0.0278917235730827 32.3355012520454 1.23174324367405 0.0189456186445877 0.0523826267497154 "MaxPro" 52
"ud51" 0.026641236630327 34.1249613636416 0.726374586534728 0.00896126980250919 0.00730694528162883 "ud" 52
"UniPro51" 0.0325875690603349 58.3012751387211 0.950160878468886 0.0085321773952908 0.00532616703502779 "UniPro" 52
"randomLHD51" 0.0349620712300146 97.311325127464 1.90665386363722 0.0321796012757228 0.0701836782532985 "randomLHD" 52
"maximin52" 0.0229929212657356 82.4096642169299 1.25297837139982 0.0214042150103882 0.0334086799276673 "maximin" 53
"MaxPro52" 0.0283053320631349 32.9010051784179 1.16042679999417 0.0176283709813742 0.0447416448998727 "MaxPro" 53
"ud52" 0.0264960528802998 36.8118299409214 0.717034850017684 0.0088495318700376 0.00742833701694461 "ud" 53
"UniPro52" 0.030636882838268 42.1067654483502 0.904878886191796 0.00826020909869586 0.00420015404192619 "UniPro" 53
"randomLHD52" 0.0448507817977019 153.968559656951 2.13543222526889 0.0364748566642505 0.0936399102538343 "randomLHD" 53
"maximin53" 0.0229920486560768 72.2188138357157 1.25591838902619 0.0213334033300146 0.0260623869801085 "maximin" 54
"MaxPro53" 0.0285053936814739 32.5566141826795 1.22988929257291 0.0190653805202834 0.0511050833835644 "MaxPro" 54
"ud53" 0.0261447647908821 33.6301052886657 0.70001185088775 0.00876677473765283 0.00639441430580671 "ud" 54
"UniPro53" 0.0318604331817688 45.0630206625806 0.903355436179343 0.00846650792682077 0.00541407139508405 "UniPro" 54
"randomLHD53" 0.0430225331873767 111.084641788912 2.10881322544023 0.0376474183097768 0.0806325765186525 "randomLHD" 54
"maximin54" 0.0233041368901712 92.9912632569126 1.33208422627886 0.0230680181109801 0.0372488446855535 "maximin" 55
"MaxPro54" 0.0279834687274397 33.1313906947762 1.17691677646974 0.0174665580628383 0.0435260531779519 "MaxPro" 55
"ud54" 0.0260881130909854 32.8433283505997 0.708876947629977 0.00863726249573961 0.00710936976759761 "ud" 55
"UniPro54" 0.0289405780340563 40.5024332444265 0.898244789352343 0.00851035514709969 0.00515286986805974 "UniPro" 55
"randomLHD54" 0.0448940801118615 135.750983486173 2.17357757658696 0.0379706779358776 0.0705093429776974 "randomLHD" 55
"maximin55" 0.0234164866079593 68.9932256326043 1.25306154484304 0.0211502760629714 0.0321386712209497 "maximin" 56
"MaxPro55" 0.0277399343824642 32.944883946499 1.30653988027556 0.0204466627817191 0.062323354095506 "MaxPro" 56
"ud55" 0.0260421597923997 33.918059575882 0.706629294449357 0.00882095869759632 0.00709764918625678 "ud" 56
"UniPro55" 0.031586645913571 43.8216365999851 0.897941983139061 0.00845759679400059 0.00561667001540419 "UniPro" 56
"randomLHD55" 0.0486275639135421 96.0555082996193 2.136647636398 0.0346833483983601 0.0803805840198245 "randomLHD" 56
"maximin56" 0.0232028289449117 113.095535995741 1.27789005139225 0.0219142531137508 0.0280699551269172 "maximin" 57
"MaxPro56" 0.0283834724478543 32.5223083715169 1.22070372631273 0.0189797372969404 0.0540536467751658 "MaxPro" 57
"ud56" 0.0265397098174153 35.5090826521797 0.717913447738661 0.00888661072745919 0.00709178889558636 "ud" 57
"UniPro56" 0.0386615028385448 51.6027613576951 0.896890365881253 0.00843087211487258 0.00596661308686625 "UniPro" 57
"randomLHD56" 0.0372599657426506 96.8451338670069 1.98413380837059 0.0341153748527376 0.0756789565333869 "randomLHD" 57
"maximin57" 0.0229584966346374 95.9657696479452 1.24436017069582 0.0205917913043314 0.0212351818364477 "maximin" 58
"MaxPro57" 0.0281856584549471 32.6689621486674 1.17896142875089 0.0177866961766828 0.0398072801553814 "MaxPro" 58
"ud57" 0.026974478514644 33.4636010220301 0.707529522202077 0.00883017064655794 0.006940258522537 "ud" 58
"UniPro57" 0.0309930959006484 41.8507936130555 0.900296684989232 0.00848947676401896 0.00691681735985533 "UniPro" 58
"randomLHD57" 0.0409630554570518 99.1240339442498 2.30403296005803 0.0389394388350256 0.0922886946621124 "randomLHD" 58
"maximin58" 0.0228831586969442 98.287552535666 1.19050443723503 0.0202682177831308 0.0206232000535798 "maximin" 59
"MaxPro58" 0.0280118896650444 32.000877285949 1.16469207046315 0.0173671666705465 0.0470363672895318 "MaxPro" 59
"ud58" 0.0263358823525627 33.8849150667205 0.711431705774745 0.00888802325537189 0.00749447458308218 "ud" 59
"UniPro58" 0.0333661819979096 46.3987876066064 0.929448529675114 0.00841927107553056 0.00477948563391601 "UniPro" 59
"randomLHD58" 0.0424475490892041 118.061648966217 2.53863712695979 0.0417768913147879 0.104314011117809 "randomLHD" 59
"maximin59" 0.0233494037807189 81.7124917257235 1.31121611932667 0.0220245937771237 0.0310344250217668 "maximin" 60
"MaxPro59" 0.0280147530953764 32.8494536713159 1.13477718494999 0.0170084935748365 0.0329842274462528 "MaxPro" 60
"ud59" 0.0265585209303611 34.7248046682278 0.712879225385965 0.00882341754247264 0.00694863036635189 "ud" 60
"UniPro59" 0.0299954845112148 42.4098663612637 0.902619635946933 0.00846063547285669 0.00545593061415846 "UniPro" 60
"randomLHD59" 0.0374387563954804 112.910802246644 2.31234365280024 0.0414547150627047 0.105547183711741 "randomLHD" 60
"maximin60" 0.0231404443101084 89.5971434325926 1.3106759089738 0.0221991325257465 0.037040385774563 "maximin" 61
"MaxPro60" 0.028099585192509 33.0485528537895 1.18919156922337 0.0178945496574368 0.0442058468957203 "MaxPro" 61
"ud60" 0.0277950342855432 33.4407942303206 0.714383794231233 0.00882007804749209 0.00707337083919362 "ud" 61
"UniPro60" 0.0358271769741904 43.8149467952768 0.951400576179506 0.00845160662938729 0.0049996651262474 "UniPro" 61
"randomLHD60" 0.0357215088449076 85.663615707176 1.82561348755199 0.0314835018581792 0.0745579666465742 "randomLHD" 61
"maximin61" 0.0229732966366909 68.528034000548 1.19886733623995 0.0198270425947843 0.023686457705445 "maximin" 62
"MaxPro61" 0.0282790275151942 31.9437028857445 1.14042032766495 0.0168653421553314 0.0403715424285045 "MaxPro" 62
"ud61" 0.0264451650106343 34.8550198855288 0.712629862327585 0.00879196263873228 0.00850746768468287 "ud" 62
"UniPro61" 0.0352025795514929 43.5894391853327 0.909695097420071 0.00847938634479725 0.006125678119349 "UniPro" 62
"randomLHD61" 0.0393012544861118 97.8061946395159 2.09256906170392 0.0363251417856328 0.0837569486303664 "randomLHD" 62
"maximin62" 0.0230216476298821 65.0557887904715 1.25524024560477 0.0213733508397651 0.0271021699819168 "maximin" 63
"MaxPro62" 0.0278030171810666 32.1168135586239 1.1261957056296 0.0171005302308076 0.0431861563190677 "MaxPro" 63
"ud62" 0.026210670184479 33.7326038939553 0.713094909963852 0.00886364189025615 0.00747773089545241 "ud" 63
"UniPro62" 0.0321470459063611 43.192071059587 0.970035811242576 0.00835402885314696 0.00492348134753198 "UniPro" 63
"randomLHD62" 0.0401112905917427 149.445836384245 2.22325911876182 0.0372547181144579 0.083070457437546 "randomLHD" 63
"maximin63" 0.0230895003397237 80.8058406235287 1.25968658704776 0.0214888446141794 0.0258941129194294 "maximin" 64
"MaxPro63" 0.0287363415073561 32.5775288958539 1.25459824130552 0.0197113373771478 0.0602622061482821 "MaxPro" 64
"ud63" 0.0276221793265361 35.0159129272329 0.71796725927884 0.00889317854625045 0.00684649387181033 "ud" 64
"UniPro63" 0.0351461411018676 47.019455275568 0.932432827947705 0.00842224217974981 0.00456265487911058 "UniPro" 64
"randomLHD63" 0.0339942557850905 168.538496109913 2.07955774641868 0.0353267657567501 0.088772520259862 "randomLHD" 64
"maximin64" 0.0230825161465419 78.6411851844949 1.27982008330654 0.0216394532218774 0.0234595807380618 "maximin" 65
"MaxPro64" 0.0280917996885407 33.0866753594029 1.18057994954808 0.0178938826303703 0.0465240104480611 "MaxPro" 65
"ud64" 0.0277903852817441 39.5682769139224 0.719890117847943 0.00872073461139732 0.00738982653539616 "ud" 65
"UniPro64" 0.0313319847885816 41.8063332504283 0.904229718667415 0.00846390957302857 0.00557648516509276 "UniPro" 65
"randomLHD64" 0.0424940797383126 156.982966739803 2.15514005255428 0.0355270504421589 0.084663619315518 "randomLHD" 65
"maximin65" 0.0230796471692381 76.5304372864039 1.23170233079761 0.0208606337289891 0.0268886879646373 "maximin" 66
"MaxPro65" 0.028076422611147 32.6988281598024 1.29361334947076 0.0200742938329224 0.0608281427901681 "MaxPro" 66
"ud65" 0.0279963018604889 36.1222054458977 0.71367219577676 0.008756278870602 0.00792311298640412 "ud" 66
"UniPro65" 0.030719050665164 43.3039940147734 0.941842959231387 0.00846150958349196 0.00536216596343179 "UniPro" 66
"randomLHD65" 0.0460477926589812 122.03992876639 2.23417197290221 0.0396228799971345 0.0889433058736856 "randomLHD" 66
"maximin66" 0.0230711182655138 79.6087789091246 1.23767282293126 0.0209675934806797 0.0267781796262809 "maximin" 67
"MaxPro66" 0.0278421988169092 31.8601215368124 1.17813067739512 0.017469075763028 0.0489610541825732 "MaxPro" 67
"ud66" 0.026648352010763 35.0432560228167 0.714860221181501 0.00891695173960635 0.00892605987542696 "ud" 67
"UniPro66" 0.0324379976822381 49.1512126937962 0.917335580521761 0.00842742580836886 0.00429140713950841 "UniPro" 67
"randomLHD66" 0.0370867222365457 123.429177499915 2.28266034581934 0.0407705305795831 0.0892019958475655 "randomLHD" 67
"maximin67" 0.0230009735635229 116.327775261436 1.27937211194356 0.0221737440805534 0.0237484093496752 "maximin" 68
"MaxPro67" 0.0284902426655379 33.6162697398831 1.26144797833481 0.0192173406207502 0.0513018217132141 "MaxPro" 68
"ud67" 0.0265245067815435 33.3076632157592 0.712759013161146 0.00869440884060518 0.00655933962895988 "ud" 68
"UniPro67" 0.0323952707498935 54.4673173436162 0.921701822041765 0.00847595311724639 0.00573973611948296 "UniPro" 68
"randomLHD67" 0.0363681835440035 147.450746441264 2.18644061304356 0.0387855038113026 0.0946621123836314 "randomLHD" 68
"maximin68" 0.0229794032899747 85.6572100699398 1.2892249470617 0.0220045197502065 0.027658060411225 "maximin" 69
"MaxPro68" 0.029419576126889 33.7292129528755 1.23718097517522 0.0185033186655126 0.0496299645033822 "MaxPro" 69
"ud68" 0.0266035493267074 35.1915381124604 0.714114399834953 0.00877536325606387 0.00789381153305204 "ud" 69
"UniPro68" 0.0386530533422084 47.2716455890425 0.921504311157562 0.00831631130642149 0.00590466144263613 "UniPro" 69
"randomLHD68" 0.0361497350792245 113.093590278109 2.32621062094878 0.0398724222334675 0.103480175473846 "randomLHD" 69
"maximin69" 0.0229328914416452 74.8367234980312 1.2379303473194 0.0208749137757331 0.0288142120420601 "maximin" 70
"MaxPro69" 0.0284927352969917 32.0414185245882 1.14353007997152 0.0173767339312854 0.0417679659768267 "MaxPro" 70
"ud69" 0.0276853176947436 33.4205794473403 0.71478041487969 0.00879877895779042 0.00571127185051236 "ud" 70
"UniPro69" 0.0296047272354681 50.7167279074638 0.932094074085588 0.00844670855809464 0.00690844551604045 "UniPro" 70
"randomLHD69" 0.0344760960364511 123.83143458076 2.35985396123937 0.0418445378863704 0.0879378474315183 "randomLHD" 70
"maximin70" 0.023364648932969 90.0857304711809 1.32733687158832 0.0227042267814385 0.0337351818364477 "maximin" 71
"MaxPro70" 0.0271820717540586 32.4937157227568 1.17161953119191 0.0178475765652008 0.0398591855870337 "MaxPro" 71
"ud70" 0.0267544147110726 37.1626807067729 0.71307455143983 0.00874493287102186 0.00672593932087603 "ud" 71
"UniPro70" 0.0383971446415133 43.7344134078457 0.919795297551729 0.00840314907498453 0.00582429174201326 "UniPro" 71
"randomLHD70" 0.0429872579159503 126.002144240471 2.24895682176323 0.0395716409834573 0.091217935838189 "randomLHD" 71
"maximin71" 0.0228248523814199 68.5685889242728 1.2120724460194 0.0206035907079322 0.0239702632107695 "maximin" 72
"MaxPro71" 0.0288269215739784 32.0669638807881 1.21527820080181 0.0185780758327866 0.0507551403121023 "MaxPro" 72
"ud71" 0.0270650619401261 32.9235550970343 0.720631202699695 0.00896769593253834 0.00980761502913402 "ud" 72
"UniPro71" 0.0334038346954938 41.6319245360274 0.92216474959248 0.00854760403104608 0.00787204473913335 "UniPro" 72
"randomLHD71" 0.0336829796385785 100.680316545652 2.00915006060904 0.0338525923471569 0.0821445315116201 "randomLHD" 72
"maximin72" 0.0229697402009764 76.7908346232308 1.26981065027976 0.0216136942061053 0.0251188801821713 "maximin" 73
"MaxPro72" 0.0283263168146826 32.9942157140559 1.19649417612402 0.0177419944642092 0.0441958006831425 "MaxPro" 73
"ud72" 0.0260260378396256 37.8338648658467 0.710392088036671 0.00869549875411116 0.0063173933427098 "ud" 73
"UniPro72" 0.0333727099994111 41.9392974441155 0.954621628058483 0.0082825436062299 0.0055379746835443 "UniPro" 73
"randomLHD72" 0.0368670553104686 169.707426653552 1.95493077131768 0.0327927669948998 0.0678186323755944 "randomLHD" 73
"maximin73" 0.0232387600223058 74.5909258624154 1.3834407625485 0.0242935648115814 0.0406871609403255 "maximin" 74
"MaxPro73" 0.027769170840311 32.1817377710727 1.14596994078107 0.016873527405761 0.0371416850847231 "MaxPro" 74
"ud73" 0.026243611649271 33.1384508959444 0.705597652699996 0.00876733713302061 0.00762088942468689 "ud" 74
"UniPro73" 0.0327357130879877 44.3871990472193 0.902629083478845 0.00843851676819753 0.0059917286183109 "UniPro" 74
"randomLHD73" 0.0381392155276765 94.7230600181578 2.20649249192209 0.038305174570245 0.0892053445850914 "randomLHD" 74
"maximin74" 0.0229327407792566 117.850004422718 1.27818195395457 0.0221150108216338 0.0242155582345456 "maximin" 75
"MaxPro74" 0.0272879672923757 32.0701762844871 1.20554897846057 0.018050998021682 0.0611471100395151 "MaxPro" 75
"ud74" 0.0272792779250425 34.2676184575297 0.712097568767711 0.00877698940702394 0.00700472171991159 "ud" 75
"UniPro74" 0.0316587543568181 43.596539930042 0.91079431616008 0.00841648961626001 0.00520979840600094 "UniPro" 75
"randomLHD74" 0.0401694155410495 142.531687970705 2.18984550563366 0.037278238447886 0.0824408947826669 "randomLHD" 75
"maximin75" 0.0229429724432357 79.6032641943662 1.2401558827567 0.0211195078047496 0.026099223092894 "maximin" 76
"MaxPro75" 0.0287608762058316 32.503477810357 1.22374397273022 0.0188852439759388 0.0533579465541491 "MaxPro" 76
"ud75" 0.0274267386533841 35.5011837525698 0.714718876451537 0.00885600159660216 0.00542579197642489 "ud" 76
"UniPro75" 0.0333737244880658 43.1788071476186 0.920219582910176 0.00851361616831213 0.0066145937981381 "UniPro" 76
"randomLHD75" 0.0381466201394963 87.5754830996242 2.03329514845836 0.0344229048471503 0.0740221686424218 "randomLHD" 76
"maximin76" 0.0231700187582491 176.627503253936 1.2701561171319 0.0213524223206474 0.0275852253700355 "maximin" 77
"MaxPro76" 0.0281414243912666 32.7768384023424 1.26247857845303 0.0204775661892382 0.0585836514633983 "MaxPro" 77
"ud76" 0.0274689646112653 35.2234949103685 0.711046389171233 0.00876856655544177 0.0050565936641886 "ud" 77
"UniPro76" 0.0325344259757718 44.1386059707709 0.960501805322189 0.0084102640303476 0.00536970062286518 "UniPro" 77
"randomLHD76" 0.0459734964678188 157.907428425402 2.12009198806633 0.0376119721427929 0.0984595807380618 "randomLHD" 77
"maximin77" 0.0234089767735035 80.4730244633316 1.28247857026407 0.0220236324734061 0.0435921907440895 "maximin" 78
"MaxPro77" 0.0278523754962951 32.3171854852412 1.22481041927098 0.0182368740505666 0.0527635456432925 "MaxPro" 78
"ud77" 0.0322637869001486 33.6639980524707 0.715952478993054 0.00879902091860015 0.00519054316522671 "ud" 78
"UniPro77" 0.0329941975288041 44.6315317448779 0.909477598225106 0.00841930595276395 0.00543834974214721 "UniPro" 78
"randomLHD77" 0.0343253244647326 88.5272502243784 2.3609312938877 0.0425718415275392 0.103151162011922 "randomLHD" 78
"maximin78" 0.0232971321142185 95.3984194567325 1.30731870164282 0.0224346061585355 0.0304467215859621 "maximin" 79
"MaxPro78" 0.028403197388604 34.1550631647749 1.31656044165189 0.020608922564791 0.0561164690911526 "MaxPro" 79
"ud78" 0.0260720091483381 34.2153876661971 0.716744003184955 0.00879857623387117 0.00885657357176345 "ud" 79
"UniPro78" 0.0306461586593893 47.4018738976274 0.882128956453831 0.00849631924098801 0.00474599825865649 "UniPro" 79
"randomLHD78" 0.0330580423811762 97.1301583530851 1.94203753687656 0.0312978721497669 0.0687579532516241 "randomLHD" 79
"maximin79" 0.0234757344304131 76.6993182760774 1.24143162470896 0.0209349396720817 0.0275299712008573 "maximin" 80
"MaxPro79" 0.028084434886311 32.526937789414 1.28688226925089 0.0198851262652785 0.0577774429040252 "MaxPro" 80
"ud79" 0.0267107604967135 33.8445332428924 0.71132997919956 0.00869304862855316 0.00573471301319403 "ud" 80
"UniPro79" 0.0314475083916547 44.4704943581256 0.913944310420689 0.00850347561305968 0.00680379746835443 "UniPro" 80
"randomLHD79" 0.0431557793359512 91.9399147012291 1.97803893623394 0.0329102400522332 0.0695264885138303 "randomLHD" 80
"maximin80" 0.0228266557581661 75.409047007582 1.22106950962901 0.0208923175145738 0.0226341169379144 "maximin" 81
"MaxPro80" 0.0282948490303811 31.6783288247592 1.18193616497753 0.0172243269662944 0.046597682673632 "MaxPro" 81
"ud80" 0.0269020999308411 37.6422345801444 0.711863569941529 0.00867786177376519 0.00699467550733374 "ud" 81
"UniPro80" 0.0312853806283904 44.2599177949352 0.910313606502644 0.00839695618644609 0.0057079231129864 "UniPro" 81
"randomLHD80" 0.0442701642439348 107.057555704896 2.17702168823406 0.0380698121086001 0.0902735918558703 "randomLHD" 81
"maximin81" 0.0231584717863475 94.8088504910515 1.2329182305761 0.0208920450361902 0.0299619918290804 "maximin" 82
"MaxPro81" 0.0279734246675201 32.8926463812082 1.17952252149167 0.0175526852077817 0.0418474984930681 "MaxPro" 82
"ud81" 0.0266713255170971 36.8061720845834 0.706696174147492 0.00872460380432934 0.00948864777978702 "ud" 82
"UniPro81" 0.0301939737584713 44.7734324320756 0.890599787434576 0.00837310887897569 0.00598670551202197 "UniPro" 82
"randomLHD81" 0.0447397690502869 158.615861552871 2.29633400889631 0.0397683594718888 0.0964762909383163 "randomLHD" 82
"maximin82" 0.0229818300132048 83.860705742846 1.27181545127573 0.0215093197292682 0.0293156854865716 "maximin" 83
"MaxPro82" 0.028557113468762 34.4332365631156 1.2715710454104 0.0197321852426578 0.0569419328913 "MaxPro" 83
"ud82" 0.0262713428207752 32.4745146629474 0.714767427763885 0.00867593044705621 0.00594735784609202 "ud" 83
"UniPro82" 0.0333278082109249 40.4418481455575 0.995017156823419 0.00834911334325651 0.00616000267899002 "UniPro" 83
"randomLHD82" 0.0469064043002959 169.833464092841 1.94070304138643 0.0324305124434338 0.0625879043600563 "randomLHD" 83
"maximin83" 0.0228575110407133 77.9969637685088 1.2474943424847 0.0212906678214962 0.0248794454490657 "maximin" 84
"MaxPro83" 0.0278614782349712 32.0950621740407 1.20394045260017 0.0182589992947031 0.0511151295961423 "MaxPro" 84
"ud83" 0.0275160212441359 36.5943304079698 0.708693285303674 0.00868327428424111 0.00679458844015806 "ud" 84
"UniPro83" 0.0330427367436807 41.7780548873433 0.930299399769785 0.00843201434422257 0.00538644431049494 "UniPro" 84
"randomLHD83" 0.042276403356116 156.711043777604 2.11767529664848 0.0361583980984116 0.0841688433460585 "randomLHD" 84
"maximin84" 0.0231929906945208 85.1116775457073 1.29398385708506 0.0219369320339509 0.0282072533654812 "maximin" 85
"MaxPro84" 0.0291090780866449 31.9142280149941 1.24301017388173 0.018035198635527 0.0406109771616101 "MaxPro" 85
"ud84" 0.0267878748178877 34.6244457400871 0.715951022429095 0.00875989738342645 0.00681551804969526 "ud" 85
"UniPro84" 0.0357425385307816 43.97575359156 0.933152272650051 0.00831161377921885 0.00445382090951711 "UniPro" 85
"randomLHD84" 0.0334093685253646 103.340250731875 2.27346791851093 0.0401945810469349 0.101793248945148 "randomLHD" 85
"maximin85" 0.0233383727028992 102.233779043014 1.29056744940155 0.0221430542960865 0.0390521398432791 "maximin" 86
"MaxPro85" 0.0293090938183057 32.6010801629251 1.19228279429702 0.0180868670751268 0.0431175071997857 "MaxPro" 86
"ud85" 0.0262168456116718 33.803882795111 0.708994578223221 0.00888218567863218 0.00618846694796062 "ud" 86
"UniPro85" 0.0318884360363589 42.7736941486534 0.956256079235995 0.00839835563538303 0.00532114392873887 "UniPro" 86
"randomLHD85" 0.0381110977326138 119.087781242832 2.34219794126727 0.0407903321281326 0.0979639675842208 "randomLHD" 86
"maximin86" 0.022991707769901 137.257289956847 1.2571756532652 0.0214520447746114 0.0290159734779988 "maximin" 87
"MaxPro86" 0.0282460167596342 32.9321012682639 1.2395731441164 0.0191388864668584 0.0517597615698882 "MaxPro" 87
"ud86" 0.0269966176975148 35.9991052851203 0.710079826938448 0.00887852792891761 0.00717467014935369 "ud" 87
"UniPro86" 0.0363482471282416 41.870710179919 0.93504057702054 0.00841878715393818 0.00502478065769205 "UniPro" 87
"randomLHD86" 0.0518515877506865 135.58530038197 2.39339486767032 0.0416047154986648 0.0865472841738665 "randomLHD" 87
"maximin87" 0.0232323618761409 104.631013833584 1.28256413679426 0.0218946978856528 0.024789029535865 "maximin" 88
"MaxPro87" 0.0282605952385326 32.5227093339591 1.21746390823689 0.0184936315142933 0.0533721786886344 "MaxPro" 88
"ud87" 0.0278066749777148 34.1143033613172 0.712425973757491 0.00896690465533 0.00815417587569486 "ud" 88
"UniPro87" 0.0306094734487282 41.1801672339654 0.954636758245142 0.00844131566608008 0.00586698814546916 "UniPro" 88
"randomLHD87" 0.0594354755662115 241.425715389863 2.21849274307708 0.0372929762582835 0.0849373786082647 "randomLHD" 88
"maximin88" 0.023463931482182 227.796510048135 1.34301676426776 0.0230166962638667 0.030273424418994 "maximin" 89
"MaxPro88" 0.028310285019987 32.0936967847042 1.13121568820327 0.0170112488761722 0.0446478802491461 "MaxPro" 89
"ud88" 0.0262657846492945 38.2750733719557 0.71139941953744 0.00882963222926907 0.00656938584153774 "ud" 89
"UniPro88" 0.0300473337164085 42.9738836680519 0.949449513397482 0.00835477217415968 0.00576317728216462 "UniPro" 89
"randomLHD88" 0.035185943576793 170.861384567021 2.13249336463608 0.0378974771651004 0.0807698747572165 "randomLHD" 89
"maximin89" 0.022954189563023 83.4666303989358 1.19904857483255 0.0203108007037441 0.0255240774228116 "maximin" 90
"MaxPro89" 0.0274763765235663 32.8544372379585 1.19121869679044 0.018110899667885 0.0478777375929275 "MaxPro" 90
"ud89" 0.0265020240903002 35.9850256379498 0.71780085074451 0.00882820662241046 0.00907759024847632 "ud" 90
"UniPro89" 0.0295387945119945 42.8174551206464 0.902538315080248 0.00847013951860362 0.00377402719174871 "UniPro" 90
"randomLHD89" 0.0356701475040919 89.450804370853 2.04598077561875 0.0339338955349447 0.0873978635054584 "randomLHD" 90
"maximin90" 0.0229265579787094 81.2888644197044 1.2341231672282 0.0209628065805642 0.0272721184113589 "maximin" 91
"MaxPro90" 0.0280282158301169 32.3236151541698 1.1243592111754 0.0167437448652993 0.0425842207487777 "MaxPro" 91
"ud90" 0.026694904349319 34.2292669105049 0.718095169251498 0.00888060530406277 0.00802692384970866 "ud" 91
"UniPro90" 0.0329512391559246 42.3898782332061 0.915155261215461 0.00845649816119676 0.00533872480075012 "UniPro" 91
"randomLHD90" 0.0424429980893833 105.782421942983 2.21172518743911 0.0378337499225053 0.0903974951443306 "randomLHD" 91
"maximin91" 0.0227595783754934 78.8864278054404 1.20546842754594 0.0202268141489274 0.0237249681869935 "maximin" 92
"MaxPro91" 0.0287420266731886 33.9737969387209 1.25052868830018 0.0185937182714063 0.0565099457504521 "MaxPro" 92
"ud91" 0.0265839610643957 35.3955193335773 0.714216622498198 0.00877746678913278 0.00834756546781863 "ud" 92
"UniPro91" 0.0321121186626132 44.2540351084267 0.93977156999685 0.0084593341161409 0.00421354899203 "UniPro" 92
"randomLHD91" 0.0378911668532382 97.8162866190974 2.07680474632586 0.0353056999085381 0.0733825597749648 "randomLHD" 92
"maximin92" 0.0232216518164418 67.8351366961242 1.31930414495813 0.0222321024092469 0.0329574375460451 "maximin" 93
"MaxPro92" 0.0279374550037835 32.260630511507 1.25946547617344 0.0195981999957406 0.0578276739669145 "MaxPro" 93
"ud92" 0.0263465521876638 34.4395690339794 0.714722790288169 0.00886336069259551 0.00683644765923247 "ud" 93
"UniPro92" 0.0344478522847476 41.5382300262077 0.928699246069731 0.00845054941327507 0.00499631638872145 "UniPro" 93
"randomLHD92" 0.0333788530425504 85.5994668662047 2.28279621278487 0.0396515316433366 0.0949492666264818 "randomLHD" 93
"maximin93" 0.0234964869204064 145.974634257723 1.29950943037274 0.0220655963231741 0.0293968923715759 "maximin" 94
"MaxPro93" 0.0286376658683402 31.9235164089902 1.12385874694554 0.0169307936410935 0.0292922443238899 "MaxPro" 94
"ud93" 0.0274294229472614 39.2992296194732 0.708399518700054 0.0087785349043662 0.00817929140713951 "ud" 94
"UniPro93" 0.0320274893642702 41.4332440131947 0.916162626348482 0.00839437527126799 0.00483808854062019 "UniPro" 94
"randomLHD93" 0.0523501929658167 114.366401735551 2.46343650538001 0.0444522692968005 0.102473042662916 "randomLHD" 94
"maximin94" 0.0231539102837316 86.1597822530982 1.28696145346392 0.0219281604100834 0.028398968588842 "maximin" 95
"MaxPro94" 0.0279766715824747 31.5347130675889 1.13524749141296 0.0168942139640679 0.0456181769472909 "MaxPro" 95
"ud94" 0.0272544269157032 34.5734321863598 0.707536651606855 0.00878634522452661 0.00643292478735517 "ud" 95
"UniPro94" 0.0312114925442222 45.7533117955332 0.904270396645912 0.00851526847718241 0.00578159533855736 "UniPro" 95
"randomLHD94" 0.0344370052357071 100.559316426732 1.92263333625236 0.0320169622027765 0.0765739066371978 "randomLHD" 95
"maximin95" 0.0228558829339431 80.734438511668 1.28832442347888 0.0220956539577887 0.0292621056861563 "maximin" 96
"MaxPro95" 0.0277067050302256 31.8633684504145 1.0988596306921 0.0160127703954249 0.040118712745295 "MaxPro" 96
"ud95" 0.0268960969925692 35.9705840917404 0.712387154868988 0.00882776193770543 0.00798255307748979 "ud" 96
"UniPro95" 0.0318918916594838 41.8552691521586 0.91654054565089 0.0084618518163479 0.00555053244926663 "UniPro" 96
"randomLHD95" 0.0555899283530729 289.515341207623 2.13327524826719 0.0355413893442211 0.0892982720514366 "randomLHD" 96
"maximin96" 0.0233479743602526 69.2365971456957 1.28792941528508 0.0217047891768105 0.0342031679056995 "maximin" 97
"MaxPro96" 0.0279637284413238 31.7954257777977 1.17864887345069 0.0179174334813577 0.0448906637197776 "MaxPro" 97
"ud96" 0.0273677226170881 34.7565104846329 0.715491792663059 0.00881941102043766 0.005949032214855 "ud" 97
"UniPro96" 0.0326243196885946 46.748635115191 0.93840597843422 0.00850332956464431 0.00559155448395955 "UniPro" 97
"randomLHD96" 0.0535679522639303 113.288694576714 2.11625995715405 0.036854785253122 0.0754244524814145 "randomLHD" 97
"maximin97" 0.023240102687804 94.3165031588222 1.27752390461329 0.0218156006828243 0.030345422275802 "maximin" 98
"MaxPro97" 0.0272853030024089 32.0087158491082 1.10600102384888 0.0158969583662662 0.0394732435871676 "MaxPro" 98
"ud97" 0.0265824090384523 37.8012164157098 0.711798535503338 0.00896709430029362 0.0102211841135892 "ud" 98
"UniPro97" 0.0319041586249059 40.1634046804235 0.904857315972185 0.00848472038148217 0.00603358783738531 "UniPro" 98
"randomLHD97" 0.0489113035430048 102.966082123676 2.16392594794077 0.0383415624225034 0.0977429509075079 "randomLHD" 98
"maximin98" 0.0228800332674886 106.739134539823 1.20375740704246 0.0201033247690423 0.0196914138369835 "maximin" 99
"MaxPro98" 0.0280347848969919 32.3384031243465 1.26948816129597 0.0193046514117497 0.0534960819770946 "MaxPro" 99
"ud98" 0.0257608138764718 34.7688525372166 0.715011778210739 0.00883919077070729 0.00658194360726006 "ud" 99
"UniPro98" 0.0332738918835091 43.6012916034804 0.940662301232864 0.00847774057539386 0.00569787690040855 "UniPro" 99
"randomLHD98" 0.0349137890953244 106.609722258223 2.09816160508867 0.0362210223485475 0.0955093429776974 "randomLHD" 99
"maximin99" 0.0229535593064057 78.7345636114775 1.24508029384589 0.02106653582859 0.0239292411760766 "maximin" 100
"MaxPro99" 0.0271886535590079 31.9555090010807 1.17051963018049 0.0174534158857976 0.0427307280155381 "MaxPro" 100
"ud99" 0.0257919461087373 34.6412689345347 0.71210042013925 0.00878771415588481 0.00747773089545241 "ud" 100
"UniPro99" 0.03102959896907 39.8345414561855 0.909619230513914 0.0085122428773024 0.00575313106958677 "UniPro" 100
"randomLHD99" 0.0381877597571163 120.630760539761 2.06717407273624 0.034966943892217 0.0833676578929743 "randomLHD" 100
