0.105547770510403
0.107247289135009
0.106103718003934
0.106662498784053
0.107624739573743
0.105375563351821
0.106615749555419
0.105930887522299
0.10518051990337
0.106656378885028
0.107204789836252
0.105610726138301
0.106453742228538
0.106572456936408
0.106183956679995
0.105961883677536
0.107111688039098
0.108234632843839
0.106844282451286
0.105386556503769
0.106157607114767
0.104677441537492
0.106811869652765
0.105548393833449
0.106424332713784
0.106577386855069
0.106009369560678
0.106168713598177
0.106535340882161
0.106363247055041
0.106385970013449
0.10636630700455
0.107580823631697
0.106666748713926
0.106681765132816
0.105133884006195
0.105898021397932
0.105704167929838
0.104757226887704
0.105414436043758
0.106147917274643
0.107430602777004
0.106490631619854
0.108476822181045
0.10612491098759
0.10556312692369
0.104192042879904
0.106837369232018
0.106904631455521
0.106059972059071
0.107593063429733
0.107712004800538
0.106035832457382
0.106625212732605
0.105136603961321
0.106728797690123
0.104585416389243
0.106486721684371
0.104946717094441
0.105503117913835
0.105641892290724
0.107636922706059
0.104569323321448
0.105966416936068
0.105289998096975
0.105857278736847
0.108683708767418
0.107412073082742
0.107073042010089
0.106337237484197
0.1068441124541
0.108038342749292
0.106438952472556
0.10738079359885
0.105922387662556
0.107023856154985
0.105773753448352
0.106800139846309
0.106158343769275
0.107858599048393
0.105330004103545
0.106256942142398
0.108010236546371
0.10612196436954
0.106176136809022
0.106372936895156
0.107046919107789
0.106047618929569
0.104743457114909
0.1063107745875
0.106963790479406
0.104980433204793
0.107534074403056
0.105743097287513
0.105265631832351
0.107786860232092
0.106516471193505
0.107568130507794
0.106912904652361
0.106858108889829
