0.389762517146779
0.384714506172841
0.39472822359396
0.375990226337448
0.390283779149514
0.38765003429355
0.387128772290808
0.384357853223591
0.389488168724278
0.382300240054867
0.395249485596709
0.387073902606304
0.394206961591224
0.386991598079547
0.391051954732519
0.391573216735261
0.389597908093287
0.388335905349792
0.387979252400548
0.389460733882047
0.385537551440322
0.398130144032935
0.401202846364884
0.383233024691364
0.387348251028805
0.38852794924555
0.387540294924556
0.392890089163246
0.387814643347056
0.389186385459532
0.380571844993134
0.380215192043898
0.379474451303152
0.388335905349792
0.394865397805214
0.386470336076819
0.385702160493821
0.380132887517148
0.388637688614545
0.377746056241426
0.38353480795611
0.388582818930047
0.384001200274341
0.391847565157755
0.393987482853228
0.392067043895751
0.386772119341558
0.39579818244171
0.38537294238683
0.390585562414274
0.391326303155019
0.379501886145404
0.384796810699591
0.394810528120716
0.387348251028818
0.384522462277097
0.382711762688621
0.387677469135796
0.387567729766801
0.388143861454054
0.393329046639239
0.39088734567902
0.389186385459532
0.396072530864197
0.385455246913573
0.384632201646092
0.383397633744863
0.389405864197528
0.386580075445828
0.390722736625514
0.393082133058983
0.389543038408782
0.385811899862823
0.388994341563788
0.389488168724292
0.385592421124827
0.384632201646092
0.385949074074077
0.386415466392308
0.382382544581616
0.386717249657068
0.390256344307283
0.389104080932796
0.389488168724278
0.386964163237323
0.388061556927291
0.385290637860088
0.394014917695473
0.392341392318245
0.382272805212629
0.381285150891635
0.382409979423869
0.384659636488337
0.377115054869676
0.383150720164607
0.388912037037045
0.388884602194793
0.391051954732519
0.391079389574764
0.389954561042523
