0.167012351111107
0.167240191111112
0.169298431111117
0.169647871111116
0.165674751111115
0.170275071111115
0.167748351111115
0.166301951111114
0.170621311111112
0.166803711111115
0.169172991111105
0.173287551111116
0.167954431111103
0.16867507111111
0.168680831111115
0.170259071111116
0.168792831111118
0.170284671111104
0.168913791111114
0.169898111111108
0.170101631111114
0.168696831111113
0.168201471111108
0.167771391111106
0.169843711111103
0.167252351111112
0.16759155111111
0.172495231111118
0.17071219111111
0.168319871111107
0.169434751111114
0.167687551111108
0.16736755111111
0.169036671111115
0.169010431111116
0.168497791111111
0.167192831111107
0.17007219111112
0.170477951111116
0.170198271111102
0.171084671111106
0.168267391111115
0.168118271111108
0.168367231111098
0.167389311111113
0.172096511111115
0.168294271111112
0.169169151111107
0.168208511111108
0.170890111111113
0.167151231111114
0.168831231111111
0.17106803111111
0.168890111111111
0.166947071111111
0.167864831111114
0.167411711111107
0.170253951111109
0.171794431111101
0.168483071111114
0.168584831111117
0.166102911111105
0.170964991111119
0.168316671111113
0.168980351111112
0.170216191111114
0.169404671111102
0.167911551111108
0.168613631111113
0.167006591111116
0.169057151111117
0.170324991111102
0.169775871111104
0.16762611111111
0.166621951111105
0.170337151111116
0.170214911111112
0.167988991111118
0.170589311111108
0.168646271111107
0.168330111111115
0.168428031111105
0.169528191111115
0.167983871111103
0.168244991111115
0.167503231111102
0.169581951111115
0.166767231111115
0.166488831111117
0.170426751111119
0.167709951111115
0.168785791111105
0.168564351111108
0.168547711111112
0.16902003111112
0.170025471111113
0.168917631111105
0.169084671111111
0.167311871111117
0.169176831111117
