0.388857167352548
0.395030006858706
0.388500514403291
0.392999828532241
0.38674468449932
0.387787208504804
0.384522462277097
0.383507373113857
0.391024519890273
0.394344135802464
0.38893947187929
0.387567729766801
0.398623971193425
0.38858281893004
0.387485425240058
0.387403120713309
0.389817386831283
0.389350994513031
0.382684327846369
0.383809156378603
0.38095593278465
0.389762517146779
0.390366083676277
0.387430555555554
0.392917524005491
0.388143861454041
0.392204218107005
0.384824245541836
0.390009430727027
0.389680212620029
0.3872933813443
0.386003943758567
0.394124657064468
0.387814643347049
0.391353737997251
0.388665123456797
0.388198731138545
0.385811899862823
0.390530692729762
0.38858281893004
0.391463477366259
0.391079389574764
0.38416580932784
0.383534807956103
0.390859910836761
0.391573216735254
0.389515603566523
0.390750171467773
0.384220679012344
0.386826989026062
0.389762517146772
0.383233024691357
0.384741941015079
0.396182270233206
0.390338648834004
0.385811899862823
0.389735082304526
0.387567729766801
0.395139746227714
0.38572959533608
0.384714506172841
0.392752914951992
0.399885973936906
0.383178155006859
0.397883230452679
0.382903806584359
0.392643175582991
0.384412722908109
0.388500514403277
0.388006687242794
0.393822873799722
0.393301611796973
0.39173782578876
0.384796810699591
0.384056069958845
0.388857167352541
0.38444015775034
0.390228909465024
0.386634945130318
0.383507373113857
0.39223165294925
0.38723851165981
0.390228909465024
0.391326303155019
0.394700788751715
0.387019032921813
0.383671982167363
0.391765260631005
0.389460733882033
0.390174039780519
0.382382544581623
0.393137002743481
0.385345507544585
0.392725480109733
0.384248113854596
0.385537551440322
0.380791323731144
0.387128772290808
0.38674468449932
0.390640432098764
