0.168691711111113
0.170115071111102
0.170127871111106
0.169241471111116
0.170253311111104
0.168201471111108
0.168069631111108
0.166993791111104
0.166884991111109
0.170088831111109
0.168797951111112
0.173119871111113
0.16805683111111
0.171214591111107
0.170966271111107
0.172506751111107
0.168637951111106
0.171688191111109
0.170900351111107
0.168734591111108
0.168746111111118
0.169527551111111
0.169912191111114
0.16880371111111
0.169562111111111
0.168299391111112
0.170663551111103
0.169325311111114
0.170394111111118
0.169114751111109
0.170516351111101
0.168609791111121
0.171210111111111
0.166408191111106
0.169068031111122
0.171866111111113
0.171125631111102
0.170755711111102
0.167919871111109
0.169119231111105
0.165629311111117
0.168440191111105
0.165872511111109
0.17026227111111
0.169840511111116
0.167536511111108
0.167862911111108
0.167647231111102
0.167272191111109
0.170019711111115
0.169978111111101
0.1683563511111
0.17063219111111
0.169071871111114
0.168035711111111
0.168861951111113
0.171879551111115
0.170129791111105
0.170954111111114
0.168951551111116
0.168811391111114
0.168717311111108
0.167108351111112
0.171263231111114
0.168700671111112
0.170444031111106
0.173331711111106
0.171538431111111
0.170947071111115
0.170425471111117
0.171748991111109
0.170568191111116
0.167640831111114
0.169580031111116
0.169332351111121
0.170885631111103
0.170874751111112
0.166620031111113
0.168730751111103
0.170484351111111
0.167394431111113
0.167390591111108
0.167917311111106
0.169151231111109
0.170752511111101
0.167663871111112
0.170630911111115
0.169683071111107
0.168848511111104
0.169720831111102
0.168217471111114
0.168430591111109
0.167678591111109
0.170759551111115
0.169026431111108
0.169535871111105
0.170730751111119
0.167305471111108
0.169747071111115
0.169860351111113
