0.107782723633671
0.11009100221375
0.10647113860816
0.10785389579266
0.107450379117361
0.109505475208271
0.107002436508415
0.107162913860537
0.106815892919714
0.10806520230611
0.107427996153348
0.108332607893911
0.106827906054832
0.107298854950845
0.108368987293658
0.109216649973893
0.109468699148414
0.108646932707557
0.109538567995577
0.108125267981693
0.107648085855189
0.108818006551506
0.107648312518131
0.107120244564583
0.106902364826258
0.107763570616363
0.108505551707008
0.107986833599198
0.107400853267867
0.10678127015766
0.107878998711803
0.108793300292488
0.10846021912166
0.108703995099362
0.106945997439656
0.107226209482822
0.10885999585868
0.107829812856702
0.107235842657216
0.107756260736978
0.108411939918274
0.108520228131518
0.109182820532083
0.109477085676705
0.108388423639624
0.109022853171537
0.108281948729801
0.107637092703249
0.10900732676105
0.109889895532001
0.109194493672804
0.110238163118923
0.107805276594885
0.107505514874286
0.108470475619099
0.111863846295149
0.1086307263083
0.108609363327454
0.108598766835628
0.108888838716108
0.10990338197615
0.106600789802243
0.109196476973401
0.110327694974977
0.106959823878181
0.108875635600626
0.1090286897419
0.108296115162717
0.107512654756475
0.107520814621839
0.108667842362555
0.108397320159506
0.108912354994758
0.107970683865671
0.110457686163461
0.110255162838423
0.106450172287435
0.10624543899887
0.109011973351059
0.108379073793897
0.10881607991663
0.105488894815188
0.107704354926765
0.107735861073575
0.110896562255335
0.108461579099221
0.107623492927651
0.109402513573803
0.107825336263898
0.10755402074061
0.107391673419336
0.107168863762361
0.107871292172296
0.109348851125905
0.107676135392382
0.107025102801077
0.108236559478714
0.109753727778768
0.107257375635248
0.108914678289759
