0.1052664251526
0.10639407321307
0.108118354762425
0.105680028328142
0.105807072898579
0.106394753201851
0.106959030557949
0.106338824124683
0.105983813315697
0.104777569885379
0.106284878348118
0.106912337995039
0.105620585975602
0.106782403472287
0.106118791088562
0.105905954600364
0.107794793434521
0.106053115505534
0.106104397992711
0.106939990872097
0.105543860574923
0.106198349775842
0.108329661275875
0.106779853514365
0.106328000969932
0.107032469346201
0.10616265036489
0.107566203872922
0.106967020426105
0.105974916795811
0.108145554313637
0.105568170173806
0.105421915920334
0.106777246890712
0.106367213656255
0.106954100639284
0.108424293047787
0.105408882802048
0.106113124515386
0.106069095241877
0.106127630942705
0.106371066926007
0.10462768902508
0.105456992008247
0.106524291064475
0.105164483501303
0.105711817803621
0.106022572676164
0.107629386163738
0.106263742030207
0.106150977224159
0.107377960312266
0.105751200487138
0.10555281376053
0.105470025126533
0.104779723183179
0.106160157072686
0.106310321261644
0.106543217418858
0.107082675184476
0.106468418653034
0.105964150306802
0.105691701468867
0.10792654126069
0.107560480634022
0.105109744404502
0.107609609823388
0.10683906920397
0.106828529377878
0.105494731385554
0.106308281295306
0.104859565199126
0.106003872984713
0.105217692623352
0.104870898345454
0.105945450615343
0.105613672756352
0.107297324976083
0.107564617232426
0.10626124873802
0.105508671155542
0.107355860676915
0.105606532874152
0.106907238079185
0.10524942543309
0.105508614489807
0.107399039964453
0.106142194035742
0.107159230587978
0.106043085671033
0.105299574605627
0.106758773862174
0.106935400947829
0.106684315090748
0.106639662494183
0.105497734669328
0.105411942751557
0.106777870213758
0.106332307565533
0.104557083523405
