0.171091071111108
0.167782911111101
0.169950591111107
0.167671551111109
0.168304511111099
0.167014271111113
0.171745151111111
0.168577151111113
0.168707071111121
0.168869631111117
0.166711551111108
0.166804991111109
0.168616191111116
0.168548991111107
0.167153151111113
0.167699711111115
0.171151231111111
0.173332351111118
0.171049471111108
0.17138227111111
0.167670911111105
0.168741631111122
0.168337151111107
0.168860671111118
0.167926271111112
0.165618431111111
0.170019711111115
0.168658431111107
0.16898419111111
0.168074751111115
0.169907711111111
0.170463871111103
0.168061951111104
0.171595391111105
0.169505151111103
0.168377471111113
0.166909311111109
0.168688511111105
0.169181951111104
0.167041151111109
0.168013951111108
0.168339711111111
0.168547711111099
0.168943871111112
0.171381631111106
0.166003711111105
0.166454911111114
0.171338751111118
0.164993791111109
0.171256191111108
0.169040511111114
0.169107071111105
0.168435711111116
0.168836351111111
0.169359871111108
0.167336831111108
0.167316351111113
0.167015551111115
0.168038911111112
0.168936191111121
0.166850431111115
0.170380671111109
0.165467391111097
0.170468991111103
0.169236991111099
0.168847231111109
0.169171711111117
0.167792511111112
0.167558271111111
0.17169139111111
0.168934271111108
0.168561151111107
0.166472831111111
0.168424831111111
0.168419711111117
0.169416191111112
0.169763071111113
0.169127551111113
0.169656831111108
0.171731711111109
0.170403711111121
0.172056831111107
0.168266751111111
0.166228991111107
0.166179071111099
0.167590271111115
0.170115071111115
0.168600191111111
0.172530431111109
0.169739391111111
0.169956991111109
0.170277631111111
0.168475391111103
0.166833151111115
0.167704191111104
0.167104511111106
0.168495231111114
0.168055551111115
0.167962751111105
0.16936115111111
