0.38688185871056
0.38408350480109
0.382190500685872
0.387211076817558
0.386031378600833
0.372835219478743
0.390119170096022
0.384220679012344
0.38367198216735
0.382025891632366
0.388719993141287
0.384275548696848
0.386497770919078
0.393493655692724
0.386964163237309
0.391518347050757
0.394344135802464
0.389543038408782
0.388473079561046
0.384659636488337
0.389378429355283
0.388555384087795
0.383095850480117
0.384193244170099
0.381120541838136
0.387896947873799
0.383370198902604
0.392259087791495
0.378898319615913
0.388747427983532
0.390777606310018
0.387814643347056
0.387348251028805
0.386662379972563
0.384302983539093
0.390859910836761
0.386113683127569
0.384467592592599
0.386799554183803
0.383013545953353
0.382245370370377
0.383315329218113
0.389323559670786
0.384906550068585
0.384193244170106
0.381312585733887
0.384495027434852
0.383507373113857
0.382848936899868
0.382300240054867
0.385455246913587
0.392478566529506
0.38487911522634
0.385564986282588
0.393493655692738
0.396621227709198
0.392698045267481
0.384632201646092
0.386415466392322
0.382217935528117
0.384275548696848
0.380983367626889
0.390091735253777
0.389844821673528
0.386689814814822
0.382656893004117
0.390311213991773
0.384988854595335
0.385949074074077
0.386470336076812
0.39138117283951
0.389872256515773
0.392039609053506
0.387759773662559
0.384440157750354
0.385674725651583
0.380544410150896
0.3798859739369
0.385482681755832
0.38452246227709
0.382794067215357
0.388390775034289
0.387704903978055
0.383150720164607
0.385647290809331
0.380791323731131
0.383397633744863
0.386662379972577
0.382025891632366
0.385235768175576
0.387101337448563
0.395523834019196
0.387156207133053
0.387265946502069
0.378514231824417
0.393411351165981
0.386525205761316
0.391545781893009
0.38501628943758
0.388637688614545
