0.384138374485601
0.391408607681755
0.390859910836761
0.386058813443071
0.389350994513031
0.391765260631005
0.383425068587108
0.38572959533608
0.388527949245536
0.383507373113857
0.391573216735254
0.388966906721543
0.393658264746237
0.384001200274341
0.385619855967072
0.384851680384095
0.383425068587108
0.386854423868314
0.383864026063094
0.382602023319627
0.3881712962963
0.388747427983546
0.384824245541836
0.382986111111108
0.386936728395057
0.391106824417009
0.391737825788746
0.387704903978055
0.382108196159123
0.386662379972577
0.382903806584359
0.393438786008247
0.39124399862827
0.383068415637865
0.391847565157755
0.387512860082304
0.386881858710574
0.388418209876541
0.381202846364885
0.387787208504804
0.380626714677645
0.385921639231818
0.392121913580241
0.386634945130325
0.384714506172841
0.389570473251041
0.38893947187929
0.383013545953353
0.384275548696848
0.386580075445814
0.386360596707824
0.385949074074077
0.389350994513031
0.391765260631005
0.383287894375854
0.389323559670786
0.386141117969828
0.383150720164614
0.382848936899868
0.385482681755825
0.386799554183817
0.387622599451298
0.383864026063094
0.384988854595335
0.388390775034296
0.381724108367627
0.383973765432109
0.387924382716044
0.385016289437587
0.387842078189295
0.3881712962963
0.384028635116614
0.385592421124827
0.380324931412893
0.385866769547327
0.384714506172855
0.389405864197528
0.385894204389572
0.383123285322362
0.38496141975309
0.383699417009595
0.384769375857331
0.386442901234553
0.386168552812073
0.384687071330589
0.380791323731144
0.380873628257894
0.38117541152264
0.384001200274355
0.385153463648827
0.38487911522634
0.385784465020578
0.382492283950611
0.38767746913581
0.381065672153645
0.386580075445814
0.385839334705068
0.381916152263385
0.381422325102895
0.386744684499313
