0.108558024174546
0.107788956864162
0.107836386081573
0.10872201480204
0.106579993478718
0.110045386299745
0.108473478902877
0.109112725021988
0.107854009124136
0.107638452680813
0.108010633206496
0.109055662630184
0.109085582136504
0.107506138197332
0.106854255620067
0.107026746107304
0.108539947806137
0.106115334478938
0.108327167983674
0.10804196935613
0.10893150801207
0.107644232585441
0.106786256742045
0.109008573407149
0.108853025973677
0.107551527448409
0.106833232633611
0.106919704540152
0.10784834255096
0.107575553718642
0.106968947060988
0.108736577895074
0.10660962965639
0.107041535863269
0.106910014700038
0.107698405024937
0.107167900444929
0.106804559773382
0.107898208394845
0.105739357349213
0.107317101316444
0.106898794885166
0.106721771139393
0.107929317881533
0.106666182056604
0.108224603009327
0.108603130096974
0.106704941417082
0.1089292413828
0.111200800568739
0.107029692725347
0.106371463586139
0.107149597413599
0.108479768799099
0.106250765577645
0.106976540269026
0.107488685151973
0.108014713139176
0.107804596606104
0.10696316715636
0.107399493290306
0.10745275907809
0.107473328738686
0.106383306724054
0.107942181002629
0.108421799755586
0.106627592693337
0.105756697063121
0.108828603043332
0.108755277586529
0.109066032459072
0.108750630996541
0.108138017771316
0.107945580946522
0.108432339581667
0.105723377612891
0.108609873319038
0.107508574823792
0.109954154471733
0.106922141166615
0.106691681635875
0.108673282272796
0.107353084056062
0.109055039307127
0.107164613832488
0.107778303706604
0.108049732561351
0.106099298076867
0.107958217404693
0.108153090855947
0.106660005491855
0.107116447960558
0.107457292336618
0.107669675498974
0.108548447665894
0.107487438505881
0.109051526031766
0.107970967194324
0.106991500022198
0.106696554888791
