0.170832511111114
0.168325631111105
0.171005311111111
0.166982911111113
0.170138111111107
0.168039551111117
0.169715711111108
0.168240511111105
0.16935411111111
0.165251711111106
0.169266431111106
0.168254591111118
0.168001791111115
0.168970751111108
0.171955711111116
0.169343871111116
0.169189631111108
0.170165631111115
0.172822271111102
0.16784499111111
0.16726515111111
0.169230591111111
0.170190591111112
0.169051391111112
0.167533311111107
0.16840243111111
0.166275711111122
0.1683806711111
0.169348351111112
0.16726323111111
0.169690751111111
0.169803391111105
0.166966911111115
0.170284031111106
0.170132351111109
0.16815411111111
0.170521471111122
0.168849791111113
0.169477631111109
0.167826431111122
0.169626111111112
0.170197631111112
0.168502911111111
0.168000511111106
0.168069631111115
0.1688337911111
0.168379391111119
0.168481791111112
0.170495231111102
0.167686911111097
0.168369791111116
0.168209791111096
0.166150271111117
0.17006259111111
0.169602431111117
0.169793791111109
0.169452031111107
0.169214591111105
0.172319871111104
0.170255871111115
0.170594431111115
0.169731711111114
0.167380351111107
0.167554431111105
0.17006259111111
0.166929791111103
0.169441151111109
0.168428671111116
0.169854591111115
0.167917951111117
0.168171391111097
0.169464831111112
0.165170431111111
0.167474431111106
0.168868991111119
0.170758271111113
0.168739071111118
0.16912307111111
0.16975091111112
0.167298431111115
0.169019391111108
0.16897907111111
0.170602751111117
0.168997631111112
0.169812351111111
0.168399231111102
0.169011711111104
0.169037311111113
0.168705151111108
0.168526591111107
0.165992831111114
0.166679551111111
0.171123071111112
0.167809151111115
0.170825471111108
0.169267071111111
0.169403391111107
0.170397951111109
0.169827711111105
0.169878271111118
