0.3877598
0.3861686
0.3826843
0.3857296
0.3842755
0.3829312
0.3865252
0.3822454
0.388089
0.3810931
0.3828215
0.3819436
0.3818338
0.3881713
0.3825197
0.3837269
0.3861686
0.3873483
0.3921493
0.3841932
0.3832879
0.3898174
0.3820259
0.3834525
0.3873483
0.391052
0.3872934
0.3834525
0.3829587
0.3878146
0.3888846
0.38872
0.3866349
0.3846048
0.3854552
0.3846871
0.3839189
0.3838915
0.3819436
0.3806541
0.382602
0.3823002
0.384303
0.3887749
0.3928627
0.3886377
0.3846322
0.3947831
0.3881713
0.3817241
0.3865801
0.3893236
0.3835074
0.38979
0.3844676
0.3875403
0.3897351
0.3895156
0.3905307
0.3833976
0.3875677
0.3878969
0.3852083
0.3838092
0.3804347
0.3848242
0.3830135
0.3829312
0.3808188
0.3768407
0.3881713
0.3861686
0.3930821
0.3868819
0.3861137
0.3854552
0.3856199
0.3905856
0.3809285
0.3902289
0.3838092
0.3864429
0.3914909
0.3880067
0.3892687
0.3886103
0.3840561
0.3872659
0.3811754
0.3851809
0.3837269
0.3832879
0.3870465
0.3805444
0.3802152
0.3862509
0.381779
0.3834799
0.392067
0.385757
