0.3818338
0.3907776
0.3819162
0.3869093
0.3823551
0.3850986
0.3820808
0.3820259
0.386388
0.3879793
0.3906404
0.3854278
0.3844676
0.3861686
0.3864703
0.3849066
0.3888297
0.3864429
0.381971
0.3853455
0.3877323
0.3790904
0.3841109
0.3818064
0.3817241
0.391244
0.3866624
0.3822179
0.3843579
0.3841109
0.3839189
0.3818338
0.3876226
0.3898997
0.3852632
0.38872
0.3841658
0.3848791
0.3820533
0.3927803
0.3757707
0.3866349
0.3862234
0.3862783
0.3874031
0.3864429
0.3824923
0.3835074
0.3879244
0.3852906
0.3840286
0.3911617
0.3821356
0.3836445
0.3807913
0.3824374
0.3810382
0.3855376
0.3816144
0.3857022
0.3884182
0.3846322
0.3871836
0.3838915
0.379447
0.3859765
0.3850163
0.3892138
0.3827392
0.3850163
0.3860039
0.3828489
0.3849614
0.3877872
0.3798585
0.3905307
0.384495
0.3840286
0.3911891
0.3817515
0.3840835
0.3823277
0.387019
0.391436
0.3819985
0.3861686
0.3878146
0.3762646
0.3787886
0.384495
0.3793921
0.3828489
0.3907776
0.3877872
0.3844676
0.3850437
0.3853181
0.3863606
0.3840835
0.392067
