0.168508
0.1676549
0.1683807
0.1656255
0.1669132
0.1718981
0.1673631
0.170933
0.1658181
0.1708895
0.1678188
0.1694892
0.1681944
0.1681663
0.1686053
0.1667948
0.1657548
0.1682405
0.1688677
0.1669484
0.1703026
0.1679263
0.1673189
0.1682303
0.1689362
0.1712965
0.1703295
0.1676146
0.169893
0.1698956
0.1690316
0.1682508
0.1692984
0.1693228
0.1697362
0.1664012
0.1687621
0.1665733
0.1659052
0.1673042
0.1673368
0.1671845
0.1675532
0.1693874
0.1669752
0.1690751
0.1663672
0.1701938
0.1708888
0.1688639
0.1681336
0.1695173
0.1691948
0.1702092
0.1677477
0.1698175
0.1697439
0.1703903
0.1686719
0.1682719
0.1672914
0.1704908
0.1669752
0.1678674
0.1671832
0.170268
0.1678213
0.1687154
0.1663634
0.1690072
0.169349
0.167934
0.1688812
0.1684812
0.1676069
0.169349
0.1713093
0.1708594
0.1690194
0.1684274
0.1687653
0.1695749
0.1674732
0.1690885
0.1683026
0.1690514
0.1663237
0.1689298
0.1686098
0.1675077
0.1669752
0.1692856
0.168277
0.1667666
0.1665087
0.1682175
0.1682866
0.1664261
0.1700357
0.1666271
