0.1672805
0.1686578
0.1702149
0.1676716
0.1690604
0.1661676
0.1686975
0.1679295
0.167573
0.1712216
0.1706188
0.1663468
0.1676082
0.1702501
0.1679391
0.1697714
0.1672876
0.1656908
0.1692626
0.1670392
0.168405
0.1697324
0.168348
0.1670808
0.1678284
0.1688268
0.1657087
0.1696831
0.1671935
0.1699282
0.1685644
0.16814
0.1676434
0.1692383
0.1683352
0.1683871
0.1709778
0.1665176
0.1699512
0.1680146
0.1679333
0.1674623
0.1696946
0.1677068
0.1684056
0.1695071
0.1696069
0.166558
0.1678354
0.1682322
0.1691884
0.1673272
0.1665663
0.1679493
0.1653292
0.1695845
0.1688908
0.1707506
0.1646444
0.1657823
0.1687852
0.172044
0.1673631
0.1687071
0.1660786
0.1701279
0.1700581
0.1698988
0.1668741
0.1690213
0.1697106
0.1696786
0.1709068
0.1677458
0.1679666
0.1681196
0.168668
0.1671141
0.1673279
0.1677228
0.1697119
0.1686021
0.1679775
0.168876
0.1673624
0.1682136
0.1670604
0.1704895
0.1675608
0.167269
0.1655896
0.1648568
0.1675858
0.167886
0.1677061
0.1706008
0.1661253
0.1701592
0.1660088
0.1690559
