0.103181
0.1048367
0.1053264
0.1031916
0.1032834
0.1047258
0.1040675
0.1060317
0.1043735
0.103556
0.105012
0.1045611
0.105064
0.1025268
0.1041903
0.1029228
0.1055495
0.1046109
0.1044064
0.1051011
0.1044007
0.1045268
0.104754
0.1040607
0.1047262
0.1046545
0.1048236
0.1044194
0.104329
0.1048687
0.1030993
0.1044729
0.1034959
0.1058734
0.1038853
0.1053722
0.1035117
0.1033942
0.1049773
0.1041744
0.1042535
0.1047317
0.1042479
0.1042563
0.1051023
0.1054166
0.1051266
0.104413
0.1031536
0.1044137
0.1059033
0.1047658
0.1044843
0.103991
0.1046145
0.1055963
0.1043022
0.1044131
0.1060748
0.1036779
0.1060131
0.1035242
0.1046278
0.1049029
0.1037176
0.1046674
0.104067
0.1053045
0.1051557
0.1047055
0.1040184
0.1048023
0.1037652
0.1047015
0.1045021
0.1047187
0.1059601
0.1044622
0.1047619
0.1050578
0.1047558
0.1044074
0.104983
0.1058324
0.1057741
0.1038146
0.1040119
0.1051159
0.1039502
0.1052277
0.1044321
0.1028996
0.1063319
0.1041474
0.1042301
0.1053405
0.1048927
0.1030624
0.1043267
0.1048147
