0.1038845
0.1050619
0.1055515
0.1047373
0.1041595
0.1039124
0.103533
0.1033141
0.1050105
0.103852
0.1048102
0.106057
0.1043743
0.1044089
0.1036019
0.1068084
0.1038
0.1050798
0.1036103
0.1038612
0.1045059
0.1063861
0.1052727
0.1053758
0.1053803
0.1058457
0.1040877
0.1040309
0.1046711
0.1037419
0.1051332
0.1046356
0.1033987
0.1045305
0.103204
0.1041674
0.1052757
0.1040643
0.103436
0.1050136
0.1048439
0.103776
0.1048604
0.103484
0.1056061
0.1051211
0.104742
0.1042194
0.1045915
0.1049088
0.104115
0.1056321
0.1042327
0.1040727
0.1063723
0.1048845
0.1034156
0.1061896
0.1059529
0.1053735
0.1031617
0.1056229
0.1038539
0.1042629
0.1036362
0.1043604
0.1040946
0.1055847
0.1037185
0.106333
0.1043527
0.1035897
0.1039852
0.1037738
0.1046502
0.1046623
0.1041344
0.1044579
0.1033646
0.1047245
0.1052904
0.1038586
0.1027474
0.1053778
0.1034632
0.1058728
0.1062017
0.1035858
0.1034324
0.1048317
0.1043796
0.1014436
0.1043221
0.1056571
0.103309
0.1049602
0.1051048
0.1048664
0.1051184
0.1046939
